-3.59055 0
-3.59043 0.015625

-3.59043 0.015625
-3.59006 0.03125

-3.59006 0.03125
-3.58945 0.046875

-3.58945 0.046875
-3.58859 0.0625

-3.58859 0.0625
-3.58749 0.078125

-3.58749 0.078125
-3.58614 0.09375

-3.58614 0.09375
-3.58455 0.109375

-3.58455 0.109375
-3.5827 0.125

-3.58271 0.125
-3.58062 0.140625

-3.58062 0.140625
-3.57827 0.15625

-3.57827 0.15625
-3.57812 0.157144

-3.57812 0.157143
-3.57567 0.171875

-3.57567 0.171875
-3.57282 0.1875

-3.57282 0.1875
-3.56971 0.203125

-3.56971 0.203125
-3.56633 0.21875

-3.56633 0.21875
-3.56269 0.234375

-3.56263 0.234375
-3.5625 0.234893

-3.5625 0.234913
-3.55886 0.25

-3.55879 0.25
-3.55462 0.265625

-3.55462 0.265625
-3.55017 0.28125

-3.55016 0.28125
-3.54688 0.292111

-3.54688 0.292245
-3.54548 0.296875

-3.54545 0.296875
-3.54044 0.3125

-3.54044 0.3125
-3.53515 0.328125

-3.53515 0.328125
-3.53125 0.339043

-3.53125 0.339104
-3.52959 0.34375

-3.52958 0.34375
-3.5237 0.359375

-3.5237 0.359375
-3.51752 0.375

-3.51748 0.375
-3.51562 0.379464

-3.51562 0.379622
-3.51106 0.390625

-3.51104 0.390625
-3.50424 0.40625

-3.50422 0.40625
-3.5 0.415513

-3.5 0.415622
-3.49715 0.421875

-3.49712 0.421875
-3.48968 0.4375

-3.48966 0.4375
-3.48438 0.448101

-3.48438 0.448235
-3.48194 0.453125

-3.4819 0.453125
-3.47377 0.46875

-3.47376 0.46875
-3.46875 0.477972

-3.46875 0.478029
-3.4653 0.484375

-3.46529 0.484375
-3.45644 0.5

-3.4564 0.5
-3.45312 0.505541

-3.45312 0.505658
-3.44724 0.515625

-3.44722 0.515625
-3.4376 0.53125

-3.4376 0.53125
-3.4375 0.531413

-3.4375 0.531412
-3.42758 0.546875

-3.42754 0.546875
-3.42188 0.555355

-3.42188 0.555522
-3.41722 0.5625

-3.41716 0.5625
-3.40629 0.578125

-3.40629 0.578125
-3.40625 0.578187

-3.40625 0.578186
-3.39498 0.59375

-3.39485 0.59375
-3.39062 0.599515

-3.39062 0.599575
-3.38323 0.609375

-3.38318 0.609375
-3.375 0.619805

-3.375 0.619818
-3.37094 0.625

-3.37092 0.625
-3.35938 0.639096

-3.35938 0.639147
-3.35815 0.640625

-3.35813 0.640625
-3.3448 0.65625

-3.34479 0.65625
-3.34375 0.657438

-3.34375 0.657435
-3.3309 0.671875

-3.33072 0.671875
-3.32812 0.674734

-3.32812 0.674899
-3.31644 0.6875

-3.31648 0.6875
-3.3125 0.691671

-3.3125 0.691501
-3.3012 0.703125

-3.30118 0.703125
-3.29688 0.707447

-3.29688 0.70752
-3.28541 0.71875

-3.28534 0.71875
-3.28125 0.722682

-3.28125 0.722786
-3.26885 0.734375

-3.26893 0.734375
-3.26562 0.737424

-3.26562 0.737405
-3.2516 0.75

-3.25166 0.75
-3.25 0.751466

-3.25 0.751431
-3.23438 0.764882

-3.23438 0.76486
-3.23346 0.765625

-3.23347 0.765625
-3.21875 0.777779

-3.21875 0.777762
-3.21435 0.78125

-3.21437 0.78125
-3.20312 0.790155

-3.20312 0.790154
-3.19427 0.796875

-3.19436 0.796875
-3.1875 0.801986

-3.1875 0.802127
-3.17301 0.8125

-3.17332 0.8125
-3.17188 0.813528

-3.17188 0.813439
-3.15625 0.824397

-3.15625 0.824387
-3.15068 0.828125

-3.15072 0.828125
-3.14062 0.83492

-3.14062 0.83491
-3.12695 0.84375

-3.12698 0.84375
-3.125 0.844987

-3.125 0.845006
-3.10938 0.854701

-3.10938 0.854651
-3.10144 0.859375

-3.1016 0.859375
-3.09375 0.864048

-3.09375 0.863998
-3.07812 0.872921

-3.07812 0.872881
-3.07426 0.875

-3.07435 0.875
-3.0625 0.881486

-3.0625 0.881472
-3.04688 0.889671

-3.04688 0.889643
-3.04492 0.890625

-3.04498 0.890625
-3.03125 0.897524

-3.03125 0.897518
-3.01562 0.905031

-3.01562 0.905014
-3.01294 0.90625

-3.01298 0.90625
-3 0.912216

-3 0.912211
-2.98438 0.919072

-2.98438 0.919057
-2.97765 0.921875

-2.97771 0.921875
-2.96875 0.925627

-2.96875 0.925615
-2.95312 0.931853

-2.95312 0.931852
-2.93826 0.9375

-2.93826 0.9375
-2.9375 0.93779

-2.9375 0.937787
-2.92188 0.943426

-2.92188 0.943425
-2.90625 0.948774

-2.90625 0.948777
-2.89283 0.953125

-2.89274 0.953125
-2.89062 0.95381

-2.89062 0.953834
-2.875 0.958615

-2.875 0.958614
-2.85938 0.963118

-2.85938 0.963117
-2.84375 0.967347

-2.84375 0.967357
-2.83825 0.96875

-2.83819 0.96875
-2.82812 0.971301

-2.82812 0.971306
-2.8125 0.975

-2.8125 0.974999
-2.79688 0.978429

-2.79688 0.978428
-2.78125 0.981597

-2.78125 0.981597
-2.76634 0.984375

-2.76631 0.984375
-2.76562 0.984503

-2.76562 0.984507
-2.75 0.987161

-2.75 0.987161
-2.73438 0.989562

-2.73438 0.989561
-2.71875 0.99171

-2.71875 0.99171
-2.70312 0.993608

-2.70312 0.993607
-2.6875 0.995257

-2.6875 0.995256
-2.67188 0.996658

-2.67188 0.996658
-2.65625 0.997813

-2.65625 0.997812
-2.64062 0.998721

-2.64062 0.998721
-2.625 0.999385

-2.625 0.999385
-2.60938 0.999804

-2.60938 0.999804
-2.59375 0.999979

-2.59375 0.999979
-2.57812 0.999909

-2.57812 0.999909
-2.5625 0.999595

-2.5625 0.999595
-2.54688 0.999037

-2.54688 0.999037
-2.53125 0.998234

-2.53125 0.998234
-2.51562 0.997185

-2.51562 0.997185
-2.5 0.99589

-2.5 0.99589
-2.48438 0.994348

-2.48438 0.994348
-2.46875 0.992557

-2.46875 0.992558
-2.45312 0.990517

-2.45312 0.990517
-2.4375 0.988226

-2.4375 0.988226
-2.42188 0.985681

-2.40625 0.982838
-2.41483 0.984375

-2.42188 0.985731
-2.41431 0.984375

-2.40625 0.982882
-2.39062 0.979825

-2.39062 0.979826
-2.375 0.976509

-2.375 0.97651
-2.35938 0.972931

-2.35938 0.972932
-2.34375 0.969088

-2.32812 0.964973
-2.34248 0.96875

-2.32812 0.964977
-2.3125 0.960593

-2.34375 0.969126
-2.34232 0.96875

-2.3125 0.960594
-2.29688 0.955935

-2.28125 0.95095
-2.28813 0.953125

-2.29688 0.955972
-2.28787 0.953125

-2.28125 0.950998
-2.26562 0.945776

-2.26562 0.945777
-2.25 0.940266

-2.23438 0.93445
-2.24259 0.9375

-2.23438 0.934465
-2.21875 0.928361

-2.21875 0.928362
-2.20312 0.921953

-2.1875 0.915234
-2.20294 0.921875

-2.20312 0.921994
-2.20285 0.921875

-2.25 0.940282
-2.24251 0.9375

-2.15625 0.900828
-2.16775 0.90625

-2.1875 0.915236
-2.17188 0.908197

-2.17188 0.908217
-2.1677 0.90625

-2.15625 0.900836
-2.14062 0.893137

-2.125 0.885085
-2.13576 0.890625

-2.14062 0.893168
-2.13568 0.890625

-2.09375 0.867955
-2.10632 0.875

-2.07812 0.858825
-2.07908 0.859375

-2.09375 0.867956
-2.07906 0.859375

-2.07812 0.858829
-2.0625 0.849313

-2 0.807191
-2.00759 0.8125

-2.04688 0.839384
-2.05376 0.84375

-2.04688 0.839406
-2.03125 0.829079

-2.0625 0.849331
-2.0537 0.84375

-2.01562 0.818325
-2.02986 0.828125

-2.03125 0.829084
-2.02981 0.828125

-2.01562 0.818323
-2.00747 0.8125

-2.125 0.8851
-2.10938 0.876706

-2.10938 0.876699
-2.10634 0.875

-1.59039 0
-1.59051 0.015625

-1.59051 0.015625
-1.59087 0.03125

-1.59087 0.03125
-1.59148 0.046875

-1.59148 0.046875
-1.59233 0.0625

-1.59375 0.0818608
-1.59477 0.09375

-1.59477 0.09375
-1.59636 0.109375

-1.59636 0.109375
-1.5982 0.125

-1.59233 0.0625
-1.59343 0.078125

-1.59375 0.0818245
-1.59343 0.078125

-1.5982 0.125
-1.60029 0.140625

-1.60029 0.140625
-1.60263 0.15625

-1.60263 0.15625
-1.60523 0.171875

-1.60523 0.171875
-1.60808 0.1875

-1.60938 0.194017
-1.61119 0.203125

-1.61119 0.203125
-1.61456 0.21875

-1.60938 0.194008
-1.60808 0.1875

-1.61456 0.21875
-1.61819 0.234375

-1.61819 0.234375
-1.62209 0.25

-1.625 0.260827
-1.62628 0.265625

-1.62626 0.265625
-1.6307 0.28125

-1.6307 0.28125
-1.63542 0.296875

-1.63542 0.296875
-1.64042 0.3125

-1.65625 0.356994
-1.65714 0.359375

-1.65714 0.359375
-1.66331 0.375

-1.64062 0.313123
-1.6457 0.328125

-1.6457 0.328125
-1.65127 0.34375

-1.64062 0.313151
-1.6404 0.3125

-1.65625 0.357007
-1.65127 0.34375

-1.6875 0.429865
-1.69106 0.4375

-1.71875 0.49014
-1.72433 0.5

-1.70312 0.461236
-1.70703 0.46875

-1.69112 0.4375
-1.69889 0.453125

-1.70312 0.461299
-1.69888 0.453125

-1.70701 0.46875
-1.71549 0.484375

-1.71875 0.490164
-1.71547 0.484375

-1.67188 0.395426
-1.67658 0.40625

-1.66331 0.375
-1.66979 0.390625

-1.67188 0.395463
-1.66977 0.390625

-1.67657 0.40625
-1.68368 0.421875

-1.6875 0.429845
-1.68371 0.421875

-1.625 0.260769
-1.62203 0.25

-1.92188 0.743717
-1.92902 0.75

-1.90625 0.729286
-1.91174 0.734375

-1.92188 0.743688
-1.91155 0.734375

-1.89062 0.714354
-1.89515 0.71875

-1.875 0.698711
-1.87934 0.703125

-1.89062 0.714382
-1.87931 0.703125

-1.90625 0.729328
-1.89507 0.71875

-1.75 0.541966
-1.75314 0.546875

-1.75313 0.546875
-1.76356 0.5625

-1.78125 0.587572
-1.78568 0.59375

-1.79688 0.608582
-1.79748 0.609375

-1.79747 0.609375
-1.80973 0.625

-1.79688 0.608579
-1.7857 0.59375

-1.76562 0.565484
-1.77441 0.578125

-1.78125 0.587588
-1.77441 0.578125

-1.76562 0.565529
-1.76359 0.5625

-1.85938 0.68235
-1.8642 0.6875

-1.84375 0.665204
-1.84969 0.671875

-1.85938 0.682416
-1.84977 0.671875

-1.82812 0.647175
-1.83578 0.65625

-1.8125 0.628414
-1.82249 0.640625

-1.82812 0.647296
-1.82255 0.640625

-1.84375 0.665268
-1.8359 0.65625

-1.875 0.698736
-1.8642 0.6875

-1.8125 0.628327
-1.80982 0.625

-1.98438 0.795371
-1.98638 0.796875

-2 0.807147
-1.98624 0.796875

-1.98438 0.795473
-1.96875 0.78332

-1.95312 0.770659
-1.9662 0.78125

-1.9375 0.757487
-1.9472 0.765625

-1.95312 0.770646
-1.94706 0.765625

-1.96875 0.783335
-1.96612 0.78125

-1.9375 0.757456
-1.92895 0.75

-1.73438 0.516994
-1.74314 0.53125

-1.72432 0.5
-1.73354 0.515625

-1.73438 0.517027
-1.73354 0.515625

-1.75 0.541974
-1.74313 0.53125

