-3.50109 0
-3.50097 0.015625

-3.50097 0.015625
-3.50061 0.03125

-3.50061 0.03125
-3.5 0.0468424

-3.5 0.046875
-3.49914 0.0625

-3.49914 0.0625
-3.49804 0.078125

-3.49804 0.078125
-3.49669 0.09375

-3.49669 0.09375
-3.49509 0.109375

-3.49509 0.109375
-3.49324 0.125

-3.49324 0.125
-3.49115 0.140625

-3.49115 0.140625
-3.4888 0.15625

-3.48881 0.15625
-3.4862 0.171875

-3.48621 0.171875
-3.48438 0.181863

-3.48438 0.181851
-3.48334 0.1875

-3.48334 0.1875
-3.48022 0.203125

-3.48022 0.203125
-3.47684 0.21875

-3.47684 0.21875
-3.47321 0.234375

-3.47321 0.234375
-3.46931 0.25

-3.46932 0.25
-3.46875 0.252123

-3.46875 0.252109
-3.46514 0.265625

-3.46514 0.265625
-3.46069 0.28125

-3.46069 0.28125
-3.45596 0.296875

-3.45597 0.296875
-3.45312 0.305769

-3.45312 0.30574
-3.45096 0.3125

-3.45097 0.3125
-3.44568 0.328125

-3.44568 0.328125
-3.44011 0.34375

-3.44013 0.34375
-3.4375 0.350738

-3.4375 0.350711
-3.43425 0.359375

-3.43425 0.359375
-3.42807 0.375

-3.42808 0.375
-3.42188 0.389961

-3.42188 0.389913
-3.42158 0.390625

-3.4216 0.390625
-3.41481 0.40625

-3.41481 0.40625
-3.40771 0.421875

-3.40772 0.421875
-3.40625 0.424969

-3.40625 0.424954
-3.40029 0.4375

-3.40029 0.4375
-3.39253 0.453125

-3.39254 0.453125
-3.39062 0.456803

-3.39062 0.456784
-3.38441 0.46875

-3.38441 0.46875
-3.37594 0.484375

-3.37594 0.484375
-3.375 0.486059

-3.375 0.486042
-3.36712 0.5

-3.36713 0.5
-3.35938 0.513186

-3.35938 0.513132
-3.35791 0.515625

-3.35794 0.515625
-3.34836 0.53125

-3.34839 0.53125
-3.34375 0.538507

-3.34375 0.538472
-3.33838 0.546875

-3.33838 0.546875
-3.32812 0.562267

-3.32812 0.562261
-3.32797 0.5625

-3.32797 0.5625
-3.31715 0.578125

-3.31714 0.578125
-3.3125 0.584662

-3.3125 0.584597
-3.30591 0.59375

-3.30592 0.59375
-3.29688 0.60581

-3.29688 0.60579
-3.2942 0.609375

-3.29421 0.609375
-3.28199 0.625

-3.28198 0.625
-3.28125 0.625918

-3.28125 0.625904
-3.26926 0.640625

-3.26924 0.640625
-3.26562 0.644971

-3.26562 0.644917
-3.25602 0.65625

-3.25597 0.65625
-3.25 0.663131

-3.25 0.663045
-3.24224 0.671875

-3.24216 0.671875
-3.23438 0.680461

-3.23438 0.680406
-3.2278 0.6875

-3.22777 0.6875
-3.21875 0.696998

-3.21875 0.69695
-3.21274 0.703125

-3.21276 0.703125
-3.20312 0.712797

-3.20312 0.712746
-3.19699 0.71875

-3.19709 0.71875
-3.1875 0.727916

-3.1875 0.727889
-3.18055 0.734375

-3.18067 0.734375
-3.17188 0.742392

-3.17188 0.742418
-3.1633 0.75

-3.16343 0.75
-3.15625 0.756253

-3.15625 0.756299
-3.14528 0.765625

-3.14534 0.765625
-3.14062 0.769563

-3.14062 0.769602
-3.12637 0.78125

-3.12636 0.78125
-3.125 0.782337

-3.125 0.782352
-3.10938 0.794603

-3.10938 0.794574
-3.10631 0.796875

-3.10637 0.796875
-3.09375 0.806369

-3.09375 0.806349
-3.08522 0.8125

-3.08526 0.8125
-3.07812 0.817598

-3.07812 0.817625
-3.06296 0.828125

-3.06295 0.828125
-3.0625 0.828428

-3.0625 0.828439
-3.04688 0.838814

-3.04688 0.838809
-3.03912 0.84375

-3.03911 0.84375
-3.03125 0.848759

-3.03125 0.848767
-3.01562 0.858324

-3.01562 0.858332
-3.01384 0.859375

-3.01382 0.859375
-3 0.867476

-3 0.867479
-2.98662 0.875

-2.98659 0.875
-2.98438 0.876239

-2.98438 0.876254
-2.96875 0.884664

-2.96875 0.884664
-2.95719 0.890625

-2.95715 0.890625
-2.95312 0.8927

-2.95312 0.892716
-2.9375 0.900429

-2.9375 0.900428
-2.92517 0.90625

-2.92512 0.90625
-2.92188 0.907784

-2.92188 0.9078
-2.90625 0.914848

-2.90625 0.914848
-2.89062 0.921567

-2.89062 0.921613
-2.88999 0.921875

-2.88985 0.921875
-2.875 0.927964

-2.875 0.92797
-2.85938 0.934075

-2.85938 0.934086
-2.85019 0.9375

-2.8501 0.9375
-2.84375 0.939858

-2.84375 0.939878
-2.82812 0.945392

-2.82812 0.945395
-2.8125 0.950614

-2.8125 0.950628
-2.80459 0.953125

-2.80446 0.953125
-2.79688 0.955518

-2.79688 0.955537
-2.78125 0.960192

-2.78125 0.960192
-2.76562 0.964577

-2.76562 0.96458
-2.75 0.968688

-2.74972 0.96875
-2.73438 0.972518

-2.73438 0.97252
-2.71875 0.976095

-2.71875 0.976094
-2.70312 0.979407

-2.70312 0.979406
-2.6875 0.98246

-2.6875 0.982467
-2.67685 0.984375

-2.67671 0.984375
-2.67188 0.98524

-2.67188 0.985257
-2.65625 0.987801

-2.65625 0.987802
-2.64062 0.99009

-2.64062 0.990088
-2.625 0.992124

-2.625 0.992123
-2.60938 0.993911

-2.60938 0.993911
-2.59375 0.995453

-2.59375 0.995453
-2.57812 0.996747

-2.57812 0.996747
-2.5625 0.997793

-2.5625 0.997793
-2.54688 0.998592

-2.54688 0.998592
-2.53125 0.999143

-2.53125 0.999143
-2.51562 0.999449

-2.51562 0.999449
-2.5 0.999512

-2.5 0.999512
-2.48438 0.999331

-2.48438 0.999331
-2.46875 0.998906

-2.46875 0.998906
-2.45312 0.998236

-2.45312 0.998236
-2.4375 0.997319

-2.4375 0.997318
-2.42188 0.996155

-2.42188 0.996155
-2.40625 0.994745

-2.40625 0.994745
-2.39062 0.993089

-2.39062 0.993089
-2.375 0.991186

-2.375 0.991188
-2.35938 0.989034

-2.35938 0.989034
-2.34375 0.986625

-2.32812 0.983949
-2.33062 0.984375

-2.34375 0.986626
-2.33053 0.984375

-2.32812 0.983967
-2.3125 0.981047

-2.3125 0.981043
-2.29688 0.977863

-2.29688 0.977863
-2.28125 0.974434

-2.25 0.966761
-2.25786 0.96875

-2.28125 0.974439
-2.26562 0.97075

-2.26562 0.970777
-2.25762 0.96875

-2.25 0.966793
-2.23438 0.962571

-2.23438 0.96257
-2.21875 0.958079

-2.21875 0.958086
-2.20312 0.953312

-2.1875 0.948244
-2.20261 0.953125

-2.20312 0.953459
-2.20209 0.953125

-2.15625 0.937321
-2.15675 0.9375

-2.15625 0.937339
-2.14062 0.931436

-2.14062 0.931443
-2.125 0.925248

-2.1875 0.948258
-2.17188 0.942946

-2.17188 0.942957
-2.15667 0.9375

-2.15625 0.93753
-2.15617 0.9375

-2.01562 0.873143
-2.01907 0.875

-2.01562 0.873192
-2 0.864433

-2.10938 0.918714
-2.11698 0.921875

-2.125 0.925279
-2.11681 0.921875

-2.10938 0.918749
-2.09375 0.911962

-2.07812 0.904852
-2.08121 0.90625

-2.07812 0.904892
-2.0625 0.897467

-2.09375 0.911973
-2.08113 0.90625

-2.04688 0.889665
-2.04881 0.890625

-2.0625 0.897461
-2.04875 0.890625

-2.04688 0.889692
-2.03125 0.881593

-2.03125 0.881589
-2.01902 0.875

-1.50041 0
-1.50053 0.015625

-1.50053 0.015625
-1.5009 0.03125

-1.5009 0.03125
-1.50151 0.046875

-1.50151 0.046875
-1.50236 0.0625

-1.50235 0.0625
-1.50344 0.078125

-1.50344 0.078125
-1.50477 0.09375

-1.50477 0.09375
-1.50635 0.109375

-1.50635 0.109375
-1.50818 0.125

-1.50818 0.125
-1.51026 0.140625

-1.51026 0.140625
-1.51258 0.15625

-1.51562 0.174486
-1.51798 0.1875

-1.51258 0.15625
-1.51516 0.171875

-1.51562 0.174476
-1.51515 0.171875

-1.53125 0.247385
-1.5319 0.25

-1.51798 0.1875
-1.52107 0.203125

-1.52107 0.203125
-1.52442 0.21875

-1.52442 0.21875
-1.52803 0.234375

-1.53125 0.247375
-1.52803 0.234375

-1.625 0.484319
-1.62503 0.484375

-1.62504 0.484375
-1.63388 0.5

-1.5625 0.347938
-1.56678 0.359375

-1.56679 0.359375
-1.57294 0.375

-1.5319 0.25
-1.53605 0.265625

-1.53605 0.265625
-1.54047 0.28125

-1.54688 0.302321
-1.55012 0.3125

-1.54046 0.28125
-1.54515 0.296875

-1.54688 0.302294
-1.54515 0.296875

-1.55012 0.3125
-1.55539 0.328125

-1.55539 0.328125
-1.56094 0.34375

-1.5625 0.347901
-1.56095 0.34375

-1.59375 0.422916
-1.60069 0.4375

-1.57812 0.387588
-1.57938 0.390625

-1.57938 0.390625
-1.58616 0.40625

-1.57812 0.387577
-1.57293 0.375

-1.58616 0.40625
-1.59326 0.421875

-1.59375 0.422848
-1.59329 0.421875

-1.60938 0.454892
-1.61657 0.46875

-1.6007 0.4375
-1.60847 0.453125

-1.60938 0.454832
-1.60849 0.453125

-1.625 0.484293
-1.61657 0.46875

-1.82812 0.740114
-1.83939 0.75

-1.8125 0.72576
-1.82188 0.734375

-1.82812 0.740104
-1.82179 0.734375

-1.76562 0.678345
-1.77416 0.6875

-1.75 0.661136
-1.75955 0.671875

-1.76562 0.678326
-1.7597 0.671875

-1.79688 0.710644
-1.80521 0.71875

-1.78125 0.694836
-1.78935 0.703125

-1.79688 0.710624
-1.78938 0.703125

-1.8125 0.725733
-1.80516 0.71875

-1.78125 0.694784
-1.77428 0.6875

-1.98438 0.855246
-1.99144 0.859375

-2 0.864459
-1.99131 0.859375

-1.98438 0.855301
-1.96875 0.845773

-1.95312 0.835806
-1.96563 0.84375

-1.9375 0.825531
-1.94148 0.828125

-1.95312 0.835849
-1.94142 0.828125

-1.96875 0.845868
-1.96536 0.84375

-1.90625 0.803566
-1.91872 0.8125

-1.875 0.779814
-1.87683 0.78125

-1.89062 0.791982
-1.89726 0.796875

-1.90625 0.803603
-1.89719 0.796875

-1.89062 0.791978
-1.87682 0.78125

-1.9375 0.825553
-1.92188 0.814803

-1.92188 0.814846
-1.91851 0.8125

-1.875 0.779853
-1.85938 0.76714

-1.84375 0.75384
-1.85765 0.765625

-1.85938 0.76719
-1.8575 0.765625

-1.84375 0.753874
-1.83927 0.75

-1.71875 0.623984
-1.71956 0.625

-1.6875 0.582885
-1.69539 0.59375

-1.70312 0.603926
-1.70721 0.609375

-1.71875 0.623975
-1.70726 0.609375

-1.70312 0.603937
-1.69542 0.59375

-1.67188 0.5605
-1.67319 0.5625

-1.65625 0.536733
-1.66275 0.546875

-1.67188 0.560513
-1.66276 0.546875

-1.64062 0.511421
-1.64311 0.515625

-1.64313 0.515625
-1.65275 0.53125

-1.64062 0.5114
-1.63388 0.5

-1.65625 0.536693
-1.65277 0.53125

-1.6732 0.5625
-1.68407 0.578125

-1.6875 0.582884
-1.68415 0.578125

-1.73438 0.643086
-1.74562 0.65625

-1.71954 0.625
-1.73231 0.640625

-1.73438 0.642999
-1.73239 0.640625

-1.75 0.661138
-1.74571 0.65625

