-3.80924 0
-3.80912 0.015625

-3.80912 0.015625
-3.80875 0.03125

-3.80875 0.03125
-3.80813 0.046875

-3.80813 0.046875
-3.80726 0.0625

-3.80726 0.0625
-3.80615 0.078125

-3.80615 0.078125
-3.80479 0.09375

-3.80479 0.09375
-3.80319 0.109375

-3.80319 0.109375
-3.80133 0.125

-3.80133 0.125
-3.79923 0.140625

-3.79923 0.140625
-3.79688 0.156219

-3.79687 0.15625
-3.79426 0.171875

-3.79426 0.171875
-3.79139 0.1875

-3.79139 0.1875
-3.78826 0.203125

-3.78826 0.203125
-3.78487 0.21875

-3.78487 0.21875
-3.78125 0.234238

-3.78125 0.234252
-3.78122 0.234375

-3.78122 0.234375
-3.7773 0.25

-3.7773 0.25
-3.77311 0.265625

-3.77311 0.265625
-3.76865 0.28125

-3.76864 0.28125
-3.76562 0.29118

-3.76562 0.291283
-3.76393 0.296875

-3.76391 0.296875
-3.75889 0.3125

-3.75889 0.3125
-3.75358 0.328125

-3.75357 0.328125
-3.75 0.338074

-3.75 0.33819
-3.74801 0.34375

-3.74798 0.34375
-3.74209 0.359375

-3.74209 0.359375
-3.73589 0.375

-3.73581 0.375
-3.73438 0.378437

-3.73438 0.378719
-3.72942 0.390625

-3.72939 0.390625
-3.72258 0.40625

-3.72254 0.40625
-3.71875 0.414554

-3.71875 0.414719
-3.71548 0.421875

-3.71544 0.421875
-3.70797 0.4375

-3.70795 0.4375
-3.70312 0.447166

-3.70312 0.447303
-3.70022 0.453125

-3.70018 0.453125
-3.69203 0.46875

-3.69199 0.46875
-3.6875 0.477003

-3.6875 0.477179
-3.68359 0.484375

-3.68354 0.484375
-3.67467 0.5

-3.67456 0.5
-3.67188 0.504542

-3.67188 0.504825
-3.66549 0.515625

-3.66544 0.515625
-3.65625 0.530542

-3.65625 0.530546
-3.65583 0.53125

-3.65582 0.53125
-3.64579 0.546875

-3.64574 0.546875
-3.64062 0.554529

-3.64062 0.554688
-3.6354 0.5625

-3.63535 0.5625
-3.625 0.577374

-3.625 0.577382
-3.62448 0.578125

-3.62448 0.578125
-3.61315 0.59375

-3.613 0.59375
-3.60938 0.598693

-3.60938 0.598832
-3.60142 0.609375

-3.60133 0.609375
-3.59375 0.619065

-3.59375 0.619092
-3.58914 0.625

-3.58909 0.625
-3.57812 0.638382

-3.57812 0.638414
-3.5763 0.640625

-3.5763 0.640625
-3.56296 0.65625

-3.5628 0.65625
-3.5625 0.656592

-3.5625 0.656782
-3.54907 0.671875

-3.54894 0.671875
-3.54688 0.674146

-3.54688 0.674268
-3.5346 0.6875

-3.53448 0.6875
-3.53125 0.690893

-3.53125 0.690957
-3.51949 0.703125

-3.51938 0.703125
-3.51562 0.706905

-3.51562 0.706986
-3.50361 0.71875

-3.5036 0.71875
-3.5 0.722218

-3.5 0.722271
-3.48707 0.734375

-3.48711 0.734375
-3.48438 0.736889

-3.48438 0.7369
-3.46979 0.75

-3.46985 0.75
-3.46875 0.750967

-3.46875 0.750931
-3.45312 0.764391

-3.45312 0.764381
-3.45164 0.765625

-3.45162 0.765625
-3.4375 0.777297

-3.4375 0.777298
-3.4325 0.78125

-3.43252 0.78125
-3.42188 0.789677

-3.42188 0.789665
-3.4124 0.796875

-3.41256 0.796875
-3.40625 0.801551

-3.40625 0.801572
-3.39131 0.8125

-3.39153 0.8125
-3.39062 0.813149

-3.39062 0.813004
-3.375 0.823978

-3.375 0.823952
-3.3688 0.828125

-3.36887 0.828125
-3.35938 0.834526

-3.35938 0.834488
-3.34507 0.84375

-3.34539 0.84375
-3.34375 0.844773

-3.34375 0.844622
-3.32812 0.854335

-3.32812 0.854289
-3.3196 0.859375

-3.31975 0.859375
-3.3125 0.863701

-3.3125 0.863649
-3.29688 0.87259

-3.29688 0.872564
-3.29243 0.875

-3.29249 0.875
-3.28125 0.88117

-3.28125 0.881158
-3.26562 0.889375

-3.26562 0.889362
-3.26312 0.890625

-3.26314 0.890625
-3.25 0.897244

-3.25 0.89724
-3.23438 0.904772

-3.23438 0.904759
-3.23114 0.90625

-3.23117 0.90625
-3.21875 0.911975

-3.21875 0.91197
-3.20312 0.918851

-3.20312 0.918831
-3.19588 0.921875

-3.19596 0.921875
-3.1875 0.925431

-3.1875 0.925414
-3.17188 0.931673

-3.17188 0.931669
-3.15658 0.9375

-3.15679 0.9375
-3.15625 0.937707

-3.15625 0.937627
-3.14062 0.943288

-3.14062 0.943286
-3.125 0.948655

-3.125 0.948647
-3.11123 0.953125

-3.11139 0.953125
-3.10938 0.953781

-3.10938 0.953736
-3.09375 0.958536

-3.09375 0.958535
-3.07812 0.963058

-3.07812 0.963057
-3.0625 0.967307

-3.0625 0.967305
-3.05682 0.96875

-3.05683 0.96875
-3.04688 0.971286

-3.04688 0.971284
-3.03125 0.974996

-3.03125 0.974995
-3.01562 0.978443

-3.01562 0.978442
-3 0.981628

-3 0.981629
-2.98534 0.984375

-2.9852 0.984375
-2.98438 0.984529

-2.98438 0.984554
-2.96875 0.987225

-2.96875 0.987224
-2.95312 0.989641

-2.95312 0.98964
-2.9375 0.991804

-2.9375 0.991804
-2.92188 0.993716

-2.92188 0.993716
-2.90625 0.99538

-2.90625 0.995379
-2.89062 0.996795

-2.89062 0.996794
-2.875 0.997962

-2.875 0.997962
-2.85938 0.998884

-2.85938 0.998884
-2.84375 0.999561

-2.84375 0.999561
-2.82812 0.999993

-2.82812 0.999993
-2.82755 1

-2.78125 0.999804
-2.79139 1

-2.78125 0.999821
-2.76562 0.999273

-2.76562 0.999274
-2.75 0.998481

-2.75 0.998481
-2.73438 0.997443

-2.73438 0.997443
-2.71875 0.996157

-2.71875 0.996158
-2.70312 0.994624

-2.70312 0.994625
-2.6875 0.992842

-2.6875 0.992843
-2.67188 0.99081

-2.67188 0.99081
-2.65625 0.988525

-2.65625 0.988525
-2.64062 0.985986

-2.625 0.983158
-2.63181 0.984375

-2.64062 0.986013
-2.63147 0.984375

-2.625 0.983193
-2.60938 0.980141

-2.60938 0.980142
-2.59375 0.97683

-2.59375 0.97683
-2.57812 0.973255

-2.57812 0.973256
-2.5625 0.969414

-2.54688 0.965301
-2.55998 0.96875

-2.54688 0.965304
-2.53125 0.960921

-2.5625 0.969428
-2.55992 0.96875

-2.53125 0.960922
-2.51562 0.956262

-2.5 0.951272
-2.50586 0.953125

-2.51562 0.956292
-2.50561 0.953125

-2.45312 0.934746
-2.46053 0.9375

-2.45312 0.93478
-2.4375 0.928671

-2.5 0.951324
-2.48438 0.946099

-2.48438 0.946101
-2.46875 0.940587

-2.46875 0.940617
-2.46037 0.9375

-2.4375 0.928673
-2.42188 0.92226

-2.40625 0.915537
-2.42098 0.921875

-2.42188 0.922264
-2.42097 0.921875

-2.375 0.901116
-2.38588 0.90625

-2.40625 0.915539
-2.39062 0.908496

-2.39062 0.90852
-2.38581 0.90625

-2.3125 0.868217
-2.3246 0.875

-2.29688 0.858955
-2.2976 0.859375

-2.3125 0.868231
-2.29735 0.859375

-2.29688 0.859092
-2.28125 0.849571

-2.26562 0.839601
-2.27216 0.84375

-2.26562 0.839658
-2.25 0.829325

-2.28125 0.849613
-2.27201 0.84375

-2.375 0.901128
-2.35938 0.893424

-2.34375 0.885365
-2.35396 0.890625

-2.35938 0.893452
-2.35389 0.890625

-2.34375 0.885381
-2.32812 0.876982

-2.32812 0.877003
-2.32455 0.875

-2.14062 0.743891
-2.14756 0.75

-2.125 0.729506
-2.13025 0.734375

-2.14062 0.743906
-2.13006 0.734375

-2 0.587768
-2.00428 0.59375

-2.01562 0.608818
-2.01605 0.609375

-2.01606 0.609375
-2.02831 0.625

-2.01562 0.608789
-2.0043 0.59375

-2.07812 0.682561
-2.08275 0.6875

-2.0625 0.665414
-2.06825 0.671875

-2.07812 0.682631
-2.06834 0.671875

-2.10938 0.714535
-2.11371 0.71875

-2.09375 0.69891
-2.09789 0.703125

-2.10938 0.714607
-2.09784 0.703125

-2.125 0.729565
-2.11357 0.71875

-2.09375 0.698986
-2.08278 0.6875

-2.04688 0.647391
-2.05434 0.65625

-2.03125 0.628599
-2.04108 0.640625

-2.04688 0.647496
-2.04114 0.640625

-2.0625 0.66548
-2.05447 0.65625

-2.03125 0.628637
-2.02834 0.625

-2.21875 0.807337
-2.22597 0.8125

-2.20312 0.795571
-2.20487 0.796875

-2.21875 0.807392
-2.20467 0.796875

-2.20312 0.795713
-2.1875 0.783556

-2.23438 0.818569
-2.24825 0.828125

-2.25 0.829317
-2.24821 0.828125

-2.23438 0.818599
-2.22584 0.8125

-2.17188 0.770891
-2.18465 0.78125

-2.15625 0.757708
-2.1657 0.765625

-2.17188 0.770884
-2.16552 0.765625

-2.1875 0.783554
-2.1846 0.78125

-2.15625 0.75767
-2.14735 0.75

-2.82753 1
-2.8125 1.00018

-2.8125 1.00018
-2.79688 1.00012

-2.79688 1.00015
-2.78932 1

-1.8125 0.0825359
-1.81347 0.09375

-1.81347 0.09375
-1.81506 0.109375

-1.81506 0.109375
-1.81691 0.125

-1.80908 0
-1.8092 0.015625

-1.80919 0.015625
-1.80956 0.03125

-1.80956 0.03125
-1.81016 0.046875

-1.81016 0.046875
-1.81102 0.0625

-1.81102 0.0625
-1.81212 0.078125

-1.8125 0.082538
-1.81212 0.078125

-1.81691 0.125
-1.819 0.140625

-1.819 0.140625
-1.82135 0.15625

-1.82135 0.15625
-1.82394 0.171875

-1.82394 0.171875
-1.8268 0.1875

-1.82812 0.194182
-1.82991 0.203125

-1.8299 0.203125
-1.83327 0.21875

-1.82812 0.194182
-1.8268 0.1875

-1.83327 0.21875
-1.83691 0.234375

-1.83691 0.234375
-1.84081 0.25

-1.875 0.357151
-1.87583 0.359375

-1.87584 0.359375
-1.882 0.375

-1.9375 0.490331
-1.94297 0.5

-1.90625 0.430058
-1.90979 0.4375

-1.89062 0.395584
-1.89526 0.40625

-1.882 0.375
-1.88847 0.390625

-1.89062 0.395582
-1.88847 0.390625

-1.89526 0.40625
-1.90236 0.421875

-1.90625 0.43005
-1.90236 0.421875

-1.92188 0.461445
-1.92567 0.46875

-1.90979 0.4375
-1.91756 0.453125

-1.92188 0.461436
-1.91756 0.453125

-1.92567 0.46875
-1.93414 0.484375

-1.9375 0.490328
-1.93413 0.484375

-1.84375 0.261028
-1.84498 0.265625

-1.84498 0.265625
-1.84942 0.28125

-1.84942 0.28125
-1.85413 0.296875

-1.85413 0.296875
-1.85913 0.3125

-1.84375 0.261025
-1.84081 0.25

-1.85938 0.313238
-1.86441 0.328125

-1.8644 0.328125
-1.86997 0.34375

-1.85938 0.313238
-1.85913 0.3125

-1.875 0.357141
-1.86997 0.34375

-1.96875 0.542168
-1.97176 0.546875

-1.97176 0.546875
-1.98218 0.5625

-1.95312 0.517181
-1.96177 0.53125

-1.94296 0.5
-1.95217 0.515625

-1.95312 0.517199
-1.95218 0.515625

-1.96875 0.542162
-1.96177 0.53125

-1.98438 0.565673
-1.99302 0.578125

-2 0.587786
-1.99302 0.578125

-1.98438 0.565728
-1.98221 0.5625

