-3.7507 0
-3.75058 0.015625

-3.75058 0.015625
-3.75021 0.03125

-3.75021 0.03125
-3.75 0.0367144

-3.75 0.0367133
-3.7496 0.046875

-3.7496 0.046875
-3.74875 0.0625

-3.74875 0.0625
-3.74765 0.078125

-3.74765 0.078125
-3.7463 0.09375

-3.7463 0.09375
-3.74471 0.109375

-3.74471 0.109375
-3.74287 0.125

-3.74287 0.125
-3.74078 0.140625

-3.74078 0.140625
-3.73844 0.15625

-3.73844 0.15625
-3.73584 0.171875

-3.73585 0.171875
-3.73438 0.179934

-3.73438 0.179905
-3.73299 0.1875

-3.73299 0.1875
-3.72988 0.203125

-3.72988 0.203125
-3.72651 0.21875

-3.72651 0.21875
-3.72288 0.234375

-3.72288 0.234375
-3.71899 0.25

-3.71899 0.25
-3.71875 0.250895

-3.71875 0.250889
-3.71482 0.265625

-3.71482 0.265625
-3.71038 0.28125

-3.71038 0.28125
-3.70567 0.296875

-3.70568 0.296875
-3.70312 0.304866

-3.70312 0.304809
-3.70067 0.3125

-3.70068 0.3125
-3.6954 0.328125

-3.6954 0.328125
-3.68983 0.34375

-3.68984 0.34375
-3.6875 0.349993

-3.6875 0.34994
-3.68396 0.359375

-3.68397 0.359375
-3.6778 0.375

-3.67781 0.375
-3.67188 0.389329

-3.67188 0.389228
-3.6713 0.390625

-3.67134 0.390625
-3.66455 0.40625

-3.66455 0.40625
-3.65745 0.421875

-3.65746 0.421875
-3.65625 0.424425

-3.65625 0.424399
-3.65002 0.4375

-3.65002 0.4375
-3.64226 0.453125

-3.64227 0.453125
-3.64062 0.456296

-3.64062 0.456265
-3.63414 0.46875

-3.63415 0.46875
-3.62568 0.484375

-3.62569 0.484375
-3.625 0.485604

-3.625 0.485587
-3.61685 0.5

-3.61687 0.5
-3.60938 0.512716

-3.60938 0.512622
-3.60761 0.515625

-3.60765 0.515625
-3.59806 0.53125

-3.59808 0.53125
-3.59375 0.538022

-3.59375 0.537967
-3.58805 0.546875

-3.58807 0.546875
-3.57812 0.561799

-3.57812 0.561742
-3.57762 0.5625

-3.57766 0.5625
-3.56681 0.578125

-3.5668 0.578125
-3.5625 0.58418

-3.5625 0.584085
-3.55551 0.59375

-3.55553 0.59375
-3.54688 0.605251

-3.54688 0.605208
-3.54376 0.609375

-3.54377 0.609375
-3.53152 0.625

-3.53152 0.625
-3.53125 0.625336

-3.53125 0.625332
-3.51876 0.640625

-3.51874 0.640625
-3.51562 0.644355

-3.51562 0.644306
-3.50546 0.65625

-3.50542 0.65625
-3.5 0.662465

-3.5 0.662366
-3.49163 0.671875

-3.49154 0.671875
-3.48438 0.679743

-3.48438 0.679686
-3.47711 0.6875

-3.47709 0.6875
-3.46875 0.696236

-3.46875 0.696183
-3.46197 0.703125

-3.462 0.703125
-3.45312 0.711995

-3.45312 0.71194
-3.44614 0.71875

-3.44625 0.71875
-3.4375 0.727096

-3.4375 0.727059
-3.42962 0.734375

-3.42975 0.734375
-3.42188 0.741538

-3.42188 0.741572
-3.41229 0.75

-3.41244 0.75
-3.40625 0.755383

-3.40625 0.755395
-3.39422 0.765625

-3.39427 0.765625
-3.39062 0.768667

-3.39062 0.768678
-3.37521 0.78125

-3.37521 0.78125
-3.375 0.781416

-3.375 0.781417
-3.35938 0.793652

-3.35938 0.793614
-3.35501 0.796875

-3.35511 0.796875
-3.34375 0.805412

-3.34375 0.805387
-3.3339 0.8125

-3.33397 0.8125
-3.32812 0.816632

-3.32812 0.816664
-3.3125 0.827494

-3.3125 0.827436
-3.31145 0.828125

-3.31155 0.828125
-3.29688 0.837893

-3.29688 0.837882
-3.28769 0.84375

-3.2877 0.84375
-3.28125 0.847868

-3.28125 0.847864
-3.26562 0.857445

-3.26562 0.857427
-3.26231 0.859375

-3.26235 0.859375
-3.25 0.866639

-3.25 0.866632
-3.23517 0.875

-3.23517 0.875
-3.23438 0.875443

-3.23438 0.875446
-3.21875 0.883898

-3.21875 0.883896
-3.20577 0.890625

-3.20576 0.890625
-3.20312 0.891989

-3.20312 0.891991
-3.1875 0.899744

-3.1875 0.899742
-3.17379 0.90625

-3.17378 0.90625
-3.17188 0.907155

-3.17188 0.907157
-3.15625 0.914246

-3.15625 0.914245
-3.14062 0.921014

-3.14062 0.921004
-3.13852 0.921875

-3.13854 0.921875
-3.125 0.92747

-3.125 0.927467
-3.10938 0.933617

-3.10938 0.933617
-3.099 0.9375

-3.09899 0.9375
-3.09375 0.939464

-3.09375 0.939464
-3.07812 0.94502

-3.07812 0.945019
-3.0625 0.950284

-3.0625 0.950285
-3.05359 0.953125

-3.05358 0.953125
-3.04688 0.955263

-3.04688 0.955263
-3.03125 0.959965

-3.03125 0.959964
-3.01562 0.964388

-3.01562 0.964388
-3 0.96854

-3 0.968531
-2.99912 0.96875

-2.99915 0.96875
-2.98438 0.972423

-2.98438 0.972422
-2.96875 0.97604

-2.96875 0.976039
-2.95312 0.979395

-2.95312 0.979394
-2.9375 0.98249

-2.9375 0.982487
-2.92711 0.984375

-2.92713 0.984375
-2.92188 0.98533

-2.92188 0.985326
-2.90625 0.987909

-2.90625 0.987909
-2.89062 0.990238

-2.89062 0.990238
-2.875 0.992315

-2.875 0.992315
-2.85938 0.994143

-2.85938 0.994142
-2.84375 0.995722

-2.84375 0.995721
-2.82812 0.997053

-2.82812 0.997053
-2.8125 0.998138

-2.8125 0.998138
-2.79688 0.998978

-2.79688 0.998978
-2.78125 0.999572

-2.78125 0.999572
-2.76562 0.999922

-2.76562 0.999915
-2.75311 1

-2.73438 0.999893
-2.74644 1

-2.73438 0.999889
-2.71875 0.999507

-2.71875 0.999507
-2.70312 0.998879

-2.70312 0.998879
-2.6875 0.998007

-2.6875 0.998007
-2.67188 0.99689

-2.67188 0.99689
-2.65625 0.995526

-2.65625 0.995526
-2.64062 0.993914

-2.64062 0.993915
-2.625 0.992054

-2.625 0.992055
-2.60938 0.989944

-2.60938 0.989944
-2.59375 0.987581

-2.59375 0.987582
-2.57812 0.984965

-2.5625 0.9821
-2.57488 0.984375

-2.57812 0.984944
-2.57503 0.984375

-2.5625 0.982095
-2.54688 0.978965

-2.54688 0.978965
-2.53125 0.975575

-2.5 0.968007
-2.50296 0.96875

-2.53125 0.975576
-2.51562 0.971922

-2.51562 0.971922
-2.50298 0.96875

-2.5 0.968004
-2.48438 0.963815

-2.48438 0.963816
-2.46875 0.959354

-2.46875 0.959355
-2.45312 0.954617

-2.4375 0.949603
-2.44846 0.953125

-2.45312 0.954606
-2.44851 0.953125

-2.39062 0.932817
-2.40305 0.9375

-2.39062 0.932815
-2.375 0.926624

-2.4375 0.9496
-2.42188 0.944295

-2.42188 0.944296
-2.40625 0.938702

-2.40625 0.938688
-2.4031 0.9375

-2.26562 0.874307
-2.2669 0.875

-2.26562 0.874303
-2.25 0.86544

-2.35938 0.920138
-2.36355 0.921875

-2.375 0.926622
-2.36358 0.921875

-2.35938 0.92013
-2.34375 0.913319

-2.32812 0.90619
-2.32826 0.90625

-2.32812 0.906191
-2.3125 0.89873

-2.34375 0.913321
-2.32826 0.90625

-2.3125 0.898733
-2.29688 0.890936

-2.28125 0.882797
-2.29627 0.890625

-2.29688 0.890887
-2.29637 0.890625

-2.28125 0.882797
-2.26691 0.875

-2.07812 0.739753
-2.08965 0.75

-2.0625 0.72523
-2.07236 0.734375

-2.07812 0.73968
-2.07233 0.734375

-2.01562 0.677561
-2.02481 0.6875

-2 0.660216
-2.01034 0.671875

-2.01562 0.677535
-2.01046 0.671875

-2.04688 0.710034
-2.0558 0.71875

-2.03125 0.694173
-2.03996 0.703125

-2.04688 0.709979
-2.04003 0.703125

-2.0625 0.725152
-2.05581 0.71875

-2.03125 0.69412
-2.02494 0.6875

-2.23438 0.856224
-2.2397 0.859375

-2.25 0.865433
-2.23976 0.859375

-2.23438 0.856207
-2.21875 0.846578

-2.20312 0.836571
-2.21431 0.84375

-2.1875 0.826144
-2.19052 0.828125

-2.20312 0.83655
-2.19053 0.828125

-2.21875 0.846515
-2.2144 0.84375

-2.15625 0.803911
-2.16809 0.8125

-2.125 0.779819
-2.1268 0.78125

-2.14062 0.792164
-2.14695 0.796875

-2.15625 0.803869
-2.14696 0.796875

-2.14062 0.792103
-2.12683 0.78125

-2.1875 0.82611
-2.17188 0.815227

-2.17188 0.815149
-2.16811 0.8125

-2.125 0.779815
-2.10938 0.767001

-2.09375 0.753656
-2.10775 0.765625

-2.10938 0.766964
-2.10778 0.765625

-2.09375 0.753605
-2.08963 0.75

-2.75646 1
-2.75 1.00004

-1.75103 0
-1.75152 0.03125

-1.75152 0.03125
-1.75298 0.0625

-1.75304 0.0625
-1.75414 0.078125

-1.75414 0.078125
-1.75548 0.09375

-1.75548 0.09375
-1.75707 0.109375

-1.75707 0.109375
-1.75891 0.125

-1.75891 0.125
-1.761 0.140625

-1.761 0.140625
-1.76335 0.15625

-1.76562 0.169976
-1.76594 0.171875

-1.76594 0.171875
-1.76879 0.1875

-1.76562 0.169974
-1.76335 0.15625

-1.78125 0.243767
-1.78281 0.25

-1.76879 0.1875
-1.7719 0.203125

-1.7719 0.203125
-1.77527 0.21875

-1.77527 0.21875
-1.77891 0.234375

-1.78125 0.243769
-1.7789 0.234375

-1.875 0.482192
-1.87618 0.484375

-1.87618 0.484375
-1.88502 0.5

-1.8125 0.345103
-1.81786 0.359375

-1.81786 0.359375
-1.82403 0.375

-1.7828 0.25
-1.78698 0.265625

-1.78698 0.265625
-1.79142 0.28125

-1.79688 0.299184
-1.80114 0.3125

-1.79142 0.28125
-1.79614 0.296875

-1.79688 0.299172
-1.79614 0.296875

-1.80114 0.3125
-1.80642 0.328125

-1.80642 0.328125
-1.81199 0.34375

-1.8125 0.34509
-1.812 0.34375

-1.84375 0.420455
-1.8444 0.421875

-1.84439 0.421875
-1.85183 0.4375

-1.82812 0.384892
-1.8305 0.390625

-1.8305 0.390625
-1.83729 0.40625

-1.82812 0.384886
-1.82403 0.375

-1.84375 0.420453
-1.83729 0.40625

-1.85938 0.452671
-1.8596 0.453125

-1.8596 0.453125
-1.86772 0.46875

-1.85938 0.45267
-1.85183 0.4375

-1.875 0.48219
-1.86771 0.46875

-1.96875 0.622887
-1.97042 0.625

-1.9375 0.581482
-1.94638 0.59375

-1.95312 0.602668
-1.95813 0.609375

-1.96875 0.622879
-1.95815 0.609375

-1.95312 0.602714
-1.9464 0.59375

-1.92188 0.558931
-1.92422 0.5625

-1.90625 0.535053
-1.91382 0.546875

-1.92188 0.558955
-1.91382 0.546875

-1.89062 0.509521
-1.89422 0.515625

-1.89422 0.515625
-1.90382 0.53125

-1.89062 0.509514
-1.88502 0.5

-1.90625 0.535053
-1.90385 0.53125

-1.92423 0.5625
-1.93509 0.578125

-1.9375 0.581449
-1.93517 0.578125

-1.98438 0.642038
-1.99649 0.65625

-1.97041 0.625
-1.98319 0.640625

-1.98438 0.641939
-1.98328 0.640625

-2 0.660162
-1.99658 0.65625

