-3.78392 0
-3.7838 0.015625

-3.7838 0.015625
-3.78343 0.03125

-3.78343 0.03125
-3.78282 0.046875

-3.78282 0.046875
-3.78197 0.0625

-3.78197 0.0625
-3.78125 0.0727025

-3.78125 0.072695
-3.78087 0.078125

-3.78087 0.078125
-3.77952 0.09375

-3.77952 0.09375
-3.77793 0.109375

-3.77793 0.109375
-3.77609 0.125

-3.77609 0.125
-3.774 0.140625

-3.774 0.140625
-3.77166 0.15625

-3.77166 0.15625
-3.76907 0.171875

-3.76907 0.171875
-3.76621 0.1875

-3.76622 0.1875
-3.76562 0.190482

-3.76562 0.190466
-3.76311 0.203125

-3.76311 0.203125
-3.75974 0.21875

-3.75974 0.21875
-3.75611 0.234375

-3.75611 0.234375
-3.75221 0.25

-3.75222 0.25
-3.75 0.258341

-3.75 0.258279
-3.74804 0.265625

-3.74805 0.265625
-3.74361 0.28125

-3.74362 0.28125
-3.7389 0.296875

-3.73891 0.296875
-3.73438 0.311059

-3.73438 0.310947
-3.73388 0.3125

-3.73391 0.3125
-3.72863 0.328125

-3.72863 0.328125
-3.72307 0.34375

-3.72308 0.34375
-3.71875 0.355288

-3.71875 0.355184
-3.71718 0.359375

-3.71721 0.359375
-3.71104 0.375

-3.71105 0.375
-3.70458 0.390625

-3.70459 0.390625
-3.70312 0.394006

-3.70312 0.393967
-3.69779 0.40625

-3.6978 0.40625
-3.6907 0.421875

-3.69072 0.421875
-3.6875 0.428645

-3.6875 0.428573
-3.68326 0.4375

-3.68327 0.4375
-3.67551 0.453125

-3.67553 0.453125
-3.67188 0.460167

-3.67188 0.460094
-3.66738 0.46875

-3.6674 0.46875
-3.65894 0.484375

-3.65896 0.484375
-3.65625 0.48917

-3.65625 0.48912
-3.6501 0.5

-3.65011 0.5
-3.64091 0.515625

-3.64091 0.515625
-3.64062 0.516104

-3.64062 0.516091
-3.63132 0.53125

-3.63134 0.53125
-3.625 0.541161

-3.625 0.541075
-3.62129 0.546875

-3.62133 0.546875
-3.61091 0.5625

-3.6109 0.5625
-3.60938 0.564774

-3.60938 0.564722
-3.60007 0.578125

-3.60009 0.578125
-3.59375 0.586919

-3.59375 0.586833
-3.58878 0.59375

-3.5888 0.59375
-3.57812 0.607928

-3.57812 0.607885
-3.577 0.609375

-3.57704 0.609375
-3.56479 0.625

-3.56478 0.625
-3.5625 0.62785

-3.5625 0.627807
-3.55203 0.640625

-3.552 0.640625
-3.54688 0.646759

-3.54688 0.646641
-3.53876 0.65625

-3.53866 0.65625
-3.53125 0.664769

-3.53125 0.66468
-3.52486 0.671875

-3.52479 0.671875
-3.51562 0.68195

-3.51562 0.681869
-3.51036 0.6875

-3.51035 0.6875
-3.5 0.698338

-3.5 0.698264
-3.49523 0.703125

-3.49528 0.703125
-3.48438 0.713993

-3.48438 0.713925
-3.47942 0.71875

-3.47954 0.71875
-3.46875 0.728983

-3.46875 0.72894
-3.46289 0.734375

-3.46305 0.734375
-3.45312 0.743346

-3.45312 0.743356
-3.44558 0.75

-3.44575 0.75
-3.4375 0.757128

-3.4375 0.757173
-3.42746 0.765625

-3.42758 0.765625
-3.42188 0.770351

-3.42188 0.770375
-3.40848 0.78125

-3.4085 0.78125
-3.40625 0.783041

-3.40625 0.78305
-3.39062 0.79522

-3.39062 0.79515
-3.38832 0.796875

-3.38842 0.796875
-3.375 0.806908

-3.375 0.806888
-3.36717 0.8125

-3.36722 0.8125
-3.35938 0.818102

-3.35938 0.818106
-3.34484 0.828125

-3.34485 0.828125
-3.34375 0.828862

-3.34375 0.828874
-3.32812 0.839218

-3.32812 0.83921
-3.32098 0.84375

-3.32099 0.84375
-3.3125 0.849146

-3.3125 0.84914
-3.29688 0.858671

-3.29688 0.858647
-3.29562 0.859375

-3.29567 0.859375
-3.28125 0.867813

-3.28125 0.867809
-3.26844 0.875

-3.26843 0.875
-3.26562 0.876573

-3.26562 0.876574
-3.25 0.88498

-3.25 0.884979
-3.23905 0.890625

-3.23903 0.890625
-3.23438 0.893027

-3.23438 0.893028
-3.21875 0.900738

-3.21875 0.900737
-3.20707 0.90625

-3.20706 0.90625
-3.20312 0.908107

-3.20312 0.908108
-3.1875 0.915156

-3.1875 0.915154
-3.17189 0.921875

-3.17188 0.921881
-3.15625 0.928297

-3.15625 0.928296
-3.14062 0.934407

-3.14062 0.934406
-3.13231 0.9375

-3.1323 0.9375
-3.125 0.940215

-3.125 0.940215
-3.10938 0.945732

-3.10938 0.945731
-3.09375 0.950959

-3.09375 0.95096
-3.08691 0.953125

-3.0869 0.953125
-3.07812 0.955901

-3.07812 0.955901
-3.0625 0.960566

-3.0625 0.960565
-3.04688 0.964954

-3.04688 0.964954
-3.03247 0.96875

-3.03246 0.96875
-3.03125 0.969069

-3.03125 0.96907
-3.01562 0.972919

-3.01562 0.972918
-3 0.976501

-3 0.976501
-2.98438 0.979822

-2.98438 0.979821
-2.96875 0.982883

-2.96875 0.982879
-2.96041 0.984375

-2.96045 0.984375
-2.95312 0.98569

-2.95312 0.985686
-2.9375 0.988235

-2.9375 0.988235
-2.92188 0.990531

-2.92188 0.990531
-2.90625 0.992576

-2.90625 0.992575
-2.89062 0.994371

-2.89062 0.99437
-2.875 0.995917

-2.875 0.995917
-2.85938 0.997216

-2.85938 0.997216
-2.84375 0.998269

-2.84375 0.998269
-2.82812 0.999077

-2.82812 0.999077
-2.8125 0.999639

-2.8125 0.999639
-2.79688 0.999957

-2.79688 0.999947
-2.78557 1

-2.76562 0.999864
-2.7781 1

-2.76562 0.99986
-2.75 0.999446

-2.75 0.999446
-2.73438 0.998787

-2.73438 0.998787
-2.71875 0.997883

-2.71875 0.997883
-2.70312 0.996733

-2.70312 0.996733
-2.6875 0.995337

-2.6875 0.995337
-2.67188 0.993693

-2.67188 0.993694
-2.65625 0.991801

-2.65625 0.991801
-2.64062 0.989657

-2.64062 0.989658
-2.625 0.987262

-2.625 0.987263
-2.60938 0.984613

-2.59375 0.98171
-2.60808 0.984375

-2.60938 0.984583
-2.60826 0.984375

-2.59375 0.981708
-2.57812 0.978544

-2.57812 0.978545
-2.5625 0.97512

-2.53125 0.967484
-2.53625 0.96875

-2.5625 0.975121
-2.54688 0.971432

-2.54688 0.971431
-2.53628 0.96875

-2.53125 0.967479
-2.51562 0.963255

-2.51562 0.963256
-2.5 0.958758

-2.5 0.958759
-2.48438 0.953984

-2.46875 0.948933
-2.48171 0.953125

-2.48438 0.953968
-2.48177 0.953125

-2.46875 0.94893
-2.45312 0.943588

-2.45312 0.94359
-2.4375 0.937957

-2.42188 0.932032
-2.43629 0.9375

-2.42188 0.932031
-2.40625 0.925801

-2.39062 0.919276
-2.39684 0.921875

-2.40625 0.925794
-2.39688 0.921875

-2.39062 0.919266
-2.375 0.912413

-2.4375 0.937936
-2.43635 0.9375

-2.29688 0.873184
-2.3002 0.875

-2.29688 0.873174
-2.28125 0.864263

-2.26562 0.855001
-2.27298 0.859375

-2.28125 0.864245
-2.27306 0.859375

-2.26562 0.85498
-2.25 0.8453

-2.35938 0.905247
-2.36156 0.90625

-2.35938 0.905242
-2.34375 0.897738

-2.375 0.912414
-2.36158 0.90625

-2.32812 0.889904
-2.32956 0.890625

-2.34375 0.89774
-2.32957 0.890625

-2.32812 0.889901
-2.3125 0.881713

-2.3125 0.881713
-2.30022 0.875

-2 0.620275
-2.0037 0.625

-2.10938 0.737881
-2.1229 0.75

-2.09375 0.723303
-2.10564 0.734375

-2.10938 0.737831
-2.10562 0.734375

-2.07812 0.708024
-2.08908 0.71875

-2.0625 0.692043
-2.07323 0.703125

-2.07812 0.707949
-2.07332 0.703125

-2.09375 0.723214
-2.0891 0.71875

-2.04688 0.675356
-2.05811 0.6875

-2.03125 0.657916
-2.04365 0.671875

-2.04688 0.675301
-2.04375 0.671875

-2.01562 0.63959
-2.01648 0.640625

-2.01647 0.640625
-2.02979 0.65625

-2.01562 0.639582
-2.0037 0.625

-2.03125 0.657823
-2.02988 0.65625

-2.0625 0.69199
-2.05823 0.6875

-2.1875 0.802394
-2.20136 0.8125

-2.23438 0.835229
-2.24758 0.84375

-2.21875 0.824754
-2.22379 0.828125

-2.23438 0.835209
-2.22384 0.828125

-2.25 0.84522
-2.24766 0.84375

-2.21875 0.824722
-2.20312 0.81378

-2.20312 0.81373
-2.2014 0.8125

-2.15625 0.778194
-2.16011 0.78125

-2.17188 0.790567
-2.1802 0.796875

-2.1875 0.802316
-2.18022 0.796875

-2.17188 0.790522
-2.16015 0.78125

-2.14062 0.765297
-2.14102 0.765625

-2.15625 0.778175
-2.14103 0.765625

-2.14062 0.765298
-2.125 0.751869

-2.125 0.751826
-2.12292 0.75

-2.79064 1
-2.78125 1.00004

-1.78435 0
-1.78448 0.015625

-1.78448 0.015625
-1.78485 0.03125

-1.78484 0.03125
-1.78545 0.046875

-1.78545 0.046875
-1.78631 0.0625

-1.78631 0.0625
-1.78741 0.078125

-1.7874 0.078125
-1.78875 0.09375

-1.78875 0.09375
-1.79034 0.109375

-1.79034 0.109375
-1.79218 0.125

-1.8125 0.235642
-1.81609 0.25

-1.79218 0.125
-1.79427 0.140625

-1.79427 0.140625
-1.79661 0.15625

-1.79688 0.157823
-1.79921 0.171875

-1.79921 0.171875
-1.80206 0.1875

-1.79688 0.157817
-1.79661 0.15625

-1.80206 0.1875
-1.80518 0.203125

-1.80518 0.203125
-1.80855 0.21875

-1.80855 0.21875
-1.81218 0.234375

-1.8125 0.235784
-1.81215 0.234375

-1.875 0.415984
-1.87768 0.421875

-1.87768 0.421875
-1.88512 0.4375

-1.90625 0.478432
-1.90947 0.484375

-1.90947 0.484375
-1.91831 0.5

-1.89062 0.448576
-1.89289 0.453125

-1.89289 0.453125
-1.90101 0.46875

-1.89062 0.448571
-1.88512 0.4375

-1.90625 0.478426
-1.901 0.46875

-1.81608 0.25
-1.82025 0.265625

-1.82025 0.265625
-1.8247 0.28125

-1.82812 0.292601
-1.82942 0.296875

-1.82942 0.296875
-1.83441 0.3125

-1.82812 0.292597
-1.8247 0.28125

-1.84375 0.33949
-1.84527 0.34375

-1.84527 0.34375
-1.85114 0.359375

-1.85114 0.359375
-1.85731 0.375

-1.83441 0.3125
-1.8397 0.328125

-1.84375 0.339488
-1.8397 0.328125

-1.85938 0.37999
-1.86378 0.390625

-1.86378 0.390625
-1.87057 0.40625

-1.85938 0.379979
-1.85731 0.375

-1.875 0.415976
-1.87057 0.40625

-1.95312 0.555897
-1.95753 0.5625

-1.9375 0.531861
-1.94711 0.546875

-1.95312 0.555891
-1.94711 0.546875

-1.96875 0.578646
-1.97968 0.59375

-1.98438 0.600005
-1.99143 0.609375

-2 0.620284
-1.99145 0.609375

-1.98438 0.600039
-1.97975 0.59375

-1.95753 0.5625
-1.96838 0.578125

-1.96875 0.578543
-1.96845 0.578125

-1.92188 0.506061
-1.92751 0.515625

-1.92751 0.515625
-1.93711 0.53125

-1.92188 0.506048
-1.91831 0.5

-1.9375 0.531795
-1.93716 0.53125

