-3.99706 0
-3.99706 0.015625

-3.99704 0.015625
-3.99703 0.03125

-3.99699 0.03125
-3.99697 0.046875

-3.99691 0.046875
-3.99689 0.0625

-3.9968 0.0625
-3.99677 0.078125

-3.99666 0.078125
-3.99662 0.09375

-3.99651 0.09375
-3.99647 0.109375

-3.99638 0.109375
-3.99634 0.125

-3.99625 0.125
-3.9962 0.140625

-3.99609 0.140625
-3.99603 0.15625

-3.99585 0.15625
-3.99575 0.171875

-3.99544 0.171875
-3.99528 0.1875

-3.99479 0.1875
-3.99456 0.203125

-3.99397 0.203125
-3.99365 0.21875

-3.99285 0.21875
-3.99237 0.234375

-3.99122 0.234375
-3.99054 0.25

-3.98925 0.25
-3.98839 0.265625

-3.98703 0.265625
-3.98591 0.28125

-3.98467 0.28125
-3.98438 0.284954

-3.98438 0.285121
-3.98265 0.296875

-3.98286 0.296875
-3.98087 0.3125

-3.98089 0.3125
-3.97868 0.328125

-3.97869 0.328125
-3.97624 0.34375

-3.97625 0.34375
-3.97355 0.359375

-3.97356 0.359375
-3.97057 0.375

-3.9705 0.375
-3.96875 0.383211

-3.96875 0.384113
-3.96736 0.390625

-3.96725 0.390625
-3.96356 0.40625

-3.96353 0.40625
-3.95955 0.421875

-3.95954 0.421875
-3.95535 0.4375

-3.9552 0.4375
-3.95312 0.44487

-3.95312 0.446133
-3.95115 0.453125

-3.95098 0.453125
-3.9463 0.46875

-3.9463 0.46875
-3.94129 0.484375

-3.94122 0.484375
-3.9375 0.49524

-3.9375 0.496053
-3.93615 0.5

-3.93595 0.5
-3.93025 0.515625

-3.93025 0.515625
-3.92419 0.53125

-3.92376 0.53125
-3.92188 0.535831

-3.92188 0.537476
-3.91801 0.546875

-3.91776 0.546875
-3.91096 0.5625

-3.91085 0.5625
-3.90625 0.572506

-3.90625 0.573282
-3.90403 0.578125

-3.90378 0.578125
-3.89623 0.59375

-3.89613 0.59375
-3.89062 0.60459

-3.89062 0.605287
-3.88855 0.609375

-3.88829 0.609375
-3.87999 0.625

-3.87979 0.625
-3.875 0.633585

-3.875 0.634521
-3.87159 0.640625

-3.87129 0.640625
-3.86209 0.65625

-3.86137 0.65625
-3.85938 0.659485

-3.85938 0.661075
-3.85268 0.671875

-3.8524 0.671875
-3.84375 0.68512

-3.84375 0.685331
-3.84235 0.6875

-3.84221 0.6875
-3.83152 0.703125

-3.83097 0.703125
-3.82812 0.707197

-3.82812 0.708172
-3.82053 0.71875

-3.82023 0.71875
-3.8125 0.729014

-3.8125 0.729367
-3.80874 0.734375

-3.80857 0.734375
-3.79688 0.749148

-3.79688 0.749208
-3.79624 0.75

-3.7962 0.75
-3.78322 0.765625

-3.78282 0.765625
-3.78125 0.767469

-3.78125 0.767982
-3.76966 0.78125

-3.7694 0.78125
-3.76562 0.785428

-3.76562 0.785627
-3.75528 0.796875

-3.75503 0.796875
-3.75 0.802136

-3.75 0.802322
-3.74002 0.8125

-3.73983 0.8125
-3.73438 0.8179

-3.73438 0.818081
-3.72387 0.828125

-3.72382 0.828125
-3.71875 0.83288

-3.71875 0.832997
-3.70688 0.84375

-3.70685 0.84375
-3.70312 0.84706

-3.70312 0.847141
-3.68894 0.859375

-3.68894 0.859375
-3.6875 0.860587

-3.6875 0.860613
-3.67188 0.873417

-3.67188 0.873397
-3.66983 0.875

-3.66983 0.875
-3.65625 0.885564

-3.65625 0.885542
-3.64932 0.890625

-3.64944 0.890625
-3.64062 0.897112

-3.64062 0.897074
-3.62755 0.90625

-3.62775 0.90625
-3.625 0.908117

-3.625 0.908053
-3.60938 0.918474

-3.60938 0.91843
-3.60394 0.921875

-3.60403 0.921875
-3.59375 0.928389

-3.59375 0.928358
-3.57858 0.9375

-3.57889 0.9375
-3.57812 0.937944

-3.57812 0.937779
-3.5625 0.946718

-3.5625 0.946676
-3.55062 0.953125

-3.55087 0.953125
-3.54688 0.955294

-3.54688 0.955191
-3.53125 0.963231

-3.53125 0.963195
-3.51985 0.96875

-3.52007 0.96875
-3.51562 0.970915

-3.51562 0.970837
-3.5 0.978034

-3.5 0.978022
-3.48538 0.984375

-3.4856 0.984375
-3.48438 0.984909

-3.48438 0.984819
-3.46875 0.991212

-3.46875 0.991207
-3.45312 0.997214

-3.45312 0.997197
-3.44535 1

-3.44543 1
-3.4375 1.00286

-3.4375 1.00284
-3.42188 1.00812

-3.42188 1.00812
-3.40625 1.01304

-3.40625 1.01304
-3.39742 1.01562

-3.39745 1.01562
-3.39062 1.01762

-3.39062 1.01762
-3.375 1.02186

-3.375 1.02186
-3.35938 1.02575

-3.35938 1.02575
-3.34375 1.02931

-3.34375 1.02931
-3.33436 1.03125

-3.33432 1.03125
-3.32812 1.03253

-3.32812 1.03253
-3.3125 1.03543

-3.3125 1.03543
-3.29688 1.038

-3.29688 1.038
-3.28125 1.04025

-3.28125 1.04025
-3.26562 1.04219

-3.26562 1.04219
-3.25 1.04382

-3.25 1.04382
-3.23438 1.04515

-3.23438 1.04515
-3.21875 1.04618

-3.21875 1.04618
-3.2039 1.04688

-3.20378 1.04688
-3.20312 1.04691

-3.20312 1.04691
-3.1875 1.04735

-3.1875 1.04735
-3.17188 1.04748

-3.17188 1.04748
-3.15625 1.04732

-3.14062 1.04685
-3.14132 1.04688

-3.15625 1.04732
-3.1413 1.04688

-3.14062 1.04685
-3.125 1.04609

-3.125 1.04609
-3.10938 1.04503

-3.10938 1.04503
-3.09375 1.04367

-3.09375 1.04367
-3.07812 1.04201

-3.07812 1.04201
-3.0625 1.04007

-3.0625 1.04007
-3.04688 1.03782

-3.04688 1.03783
-3.03125 1.03529

-3 1.02927
-3.00985 1.03125

-3.03125 1.03529
-3.01562 1.03245

-3.01562 1.03251
-3.00933 1.03125

-2.89062 0.998615
-2.8947 1

-2.89062 0.998723
-2.875 0.993081

-2.875 0.993083
-2.85938 0.987109

-2.84375 0.980748
-2.85273 0.984375

-2.85938 0.987172
-2.85245 0.984375

-2.8125 0.967
-2.8164 0.96875

-2.84375 0.980797
-2.82812 0.974137

-2.82812 0.974178
-2.81604 0.96875

-2.75 0.935263
-2.75411 0.9375

-2.8125 0.967125
-2.79688 0.95975

-2.78125 0.951873
-2.78378 0.953125

-2.79688 0.959778
-2.78345 0.953125

-2.78125 0.952011
-2.76562 0.94389

-2.76562 0.943936
-2.7538 0.9375

-2.5 0.734499
-2.51417 0.75

-2.64062 0.864078
-2.6554 0.875

-2.625 0.852005
-2.63456 0.859375

-2.64062 0.864054
-2.63438 0.859375

-2.75 0.935387
-2.73438 0.926484

-2.71875 0.917129
-2.72672 0.921875

-2.73438 0.926542
-2.72654 0.921875

-2.6875 0.897295
-2.70127 0.90625

-2.71875 0.917186
-2.70312 0.907457

-2.70312 0.907441
-2.70122 0.90625

-2.67188 0.886612
-2.6778 0.890625

-2.6875 0.897352
-2.67759 0.890625

-2.67188 0.886692
-2.65625 0.875621

-2.65625 0.875618
-2.65539 0.875

-2.5625 0.798372
-2.57795 0.8125

-2.60938 0.839376
-2.61482 0.84375

-2.59375 0.826216
-2.596 0.828125

-2.60938 0.839483
-2.59585 0.828125

-2.625 0.852056
-2.61462 0.84375

-2.59375 0.826345
-2.57812 0.812652

-2.57812 0.812653
-2.57795 0.8125

-2.53125 0.767849
-2.54463 0.78125

-2.54688 0.783457
-2.56092 0.796875

-2.5625 0.798373
-2.5609 0.796875

-2.54688 0.783462
-2.54462 0.78125

-2.51562 0.751537
-2.52906 0.765625

-2.53125 0.767857
-2.52907 0.765625

-2.51562 0.751555
-2.51417 0.75

-2.25 0.229742
-2.25093 0.234375

-2.25093 0.234375
-2.25429 0.25

-2.25429 0.25
-2.25788 0.265625

-2.25788 0.265625
-2.2617 0.28125

-2.26562 0.296342
-2.26576 0.296875

-2.26576 0.296875
-2.27007 0.3125

-2.26562 0.296342
-2.2617 0.28125

-2.28125 0.349442
-2.28446 0.359375

-2.28446 0.359375
-2.28976 0.375

-2.27007 0.3125
-2.27462 0.328125

-2.27462 0.328125
-2.27941 0.34375

-2.28125 0.349446
-2.27941 0.34375

-2.3125 0.434707
-2.31364 0.4375

-2.31364 0.4375
-2.32031 0.453125

-2.3203 0.453125
-2.32726 0.46875

-2.32812 0.470615
-2.33451 0.484375

-2.33451 0.484375
-2.34207 0.5

-2.32812 0.470619
-2.32726 0.46875

-2.29688 0.394772
-2.30116 0.40625

-2.28976 0.375
-2.29533 0.390625

-2.29688 0.394776
-2.29533 0.390625

-2.30116 0.40625
-2.30726 0.421875

-2.3125 0.434706
-2.30726 0.421875

-2.22692 0
-2.22703 0.015625

-2.22703 0.015625
-2.22734 0.03125

-2.22734 0.03125
-2.22787 0.046875

-2.22787 0.046875
-2.22861 0.0625

-2.22861 0.0625
-2.22956 0.078125

-2.22956 0.078125
-2.23072 0.09375

-2.23072 0.09375
-2.23209 0.109375

-2.23209 0.109375
-2.23368 0.125

-2.23438 0.13101
-2.23549 0.140625

-2.23549 0.140625
-2.23751 0.15625

-2.23438 0.131013
-2.23368 0.125

-2.23751 0.15625
-2.23975 0.171875

-2.23975 0.171875
-2.24222 0.1875

-2.24222 0.1875
-2.2449 0.203125

-2.2449 0.203125
-2.2478 0.21875

-2.25 0.229744
-2.2478 0.21875

-2.375 0.561556
-2.37553 0.5625

-2.40625 0.61229
-2.41468 0.625

-2.39062 0.587672
-2.39436 0.59375

-2.37554 0.5625
-2.38477 0.578125

-2.39062 0.587677
-2.38476 0.578125

-2.39435 0.59375
-2.40432 0.609375

-2.40625 0.612343
-2.40434 0.609375

-2.45312 0.678071
-2.46044 0.6875

-2.4375 0.657389
-2.44831 0.671875

-2.45312 0.678179
-2.44836 0.671875

-2.48438 0.716592
-2.48621 0.71875

-2.46875 0.697796
-2.47305 0.703125

-2.48438 0.716577
-2.47305 0.703125

-2.4862 0.71875
-2.4999 0.734375

-2.5 0.734502
-2.49989 0.734375

-2.46875 0.697813
-2.46046 0.6875

-2.42188 0.635412
-2.42544 0.640625

-2.42545 0.640625
-2.43666 0.65625

-2.42188 0.635441
-2.41467 0.625

-2.4375 0.657408
-2.43666 0.65625

-2.34375 0.50333
-2.34995 0.515625

-2.34994 0.515625
-2.35814 0.53125

-2.35938 0.533511
-2.36667 0.546875

-2.375 0.561543
-2.36667 0.546875

-2.35938 0.533516
-2.35814 0.53125

-2.34375 0.503335
-2.34207 0.5

-3 1.02931
-2.98438 1.02587

-2.98438 1.02587
-2.96875 1.02213

-2.96875 1.02213
-2.95312 1.01807

-2.9375 1.01363
-2.94463 1.01562

-2.95312 1.01814
-2.94413 1.01562

-2.9375 1.01371
-2.92188 1.00903

-2.92188 1.00903
-2.90625 1.00404

-2.90625 1.00407
-2.89428 1

