-3.75788 0
-3.75775 0.015625

-3.75775 0.015625
-3.75739 0.03125

-3.75739 0.03125
-3.75677 0.046875

-3.75677 0.046875
-3.75591 0.0625

-3.75591 0.0625
-3.75481 0.078125

-3.75481 0.078125
-3.75346 0.09375

-3.75346 0.09375
-3.75185 0.109375

-3.75185 0.109375
-3.75 0.125

-3.75 0.125015
-3.7479 0.140625

-3.7479 0.140625
-3.74554 0.15625

-3.74554 0.15625
-3.74293 0.171875

-3.74293 0.171875
-3.74006 0.1875

-3.74006 0.1875
-3.73693 0.203125

-3.73693 0.203125
-3.73438 0.214922

-3.73438 0.214951
-3.73355 0.21875

-3.73355 0.21875
-3.72989 0.234375

-3.72989 0.234375
-3.72597 0.25

-3.72597 0.25
-3.72178 0.265625

-3.72178 0.265625
-3.71875 0.276231

-3.71875 0.276287
-3.71733 0.28125

-3.71732 0.28125
-3.71258 0.296875

-3.71258 0.296875
-3.70756 0.3125

-3.70756 0.3125
-3.70312 0.325543

-3.70312 0.325576
-3.70226 0.328125

-3.70225 0.328125
-3.69665 0.34375

-3.69665 0.34375
-3.69075 0.359375

-3.69074 0.359375
-3.6875 0.367534

-3.6875 0.367643
-3.68458 0.375

-3.68456 0.375
-3.67806 0.390625

-3.67806 0.390625
-3.67188 0.404789

-3.67188 0.404809
-3.67125 0.40625

-3.67124 0.40625
-3.6641 0.421875

-3.6641 0.421875
-3.65663 0.4375

-3.65651 0.4375
-3.65625 0.438021

-3.65625 0.438287
-3.64884 0.453125

-3.64883 0.453125
-3.64068 0.46875

-3.64062 0.468862
-3.63218 0.484375

-3.63218 0.484375
-3.625 0.49701

-3.625 0.497048
-3.62332 0.5

-3.62331 0.5
-3.61406 0.515625

-3.61402 0.515625
-3.60938 0.523154

-3.60938 0.523277
-3.60446 0.53125

-3.60442 0.53125
-3.59438 0.546875

-3.5942 0.546875
-3.59375 0.547566

-3.59375 0.54783
-3.58393 0.5625

-3.58389 0.5625
-3.57812 0.570777

-3.57812 0.570863
-3.57306 0.578125

-3.57303 0.578125
-3.5625 0.592628

-3.5625 0.592638
-3.56169 0.59375

-3.56169 0.59375
-3.54987 0.609375

-3.54974 0.609375
-3.54688 0.613093

-3.54688 0.613236
-3.53761 0.625

-3.53746 0.625
-3.53125 0.632767

-3.53125 0.632718
-3.52484 0.640625

-3.52472 0.640625
-3.51562 0.651351

-3.51562 0.651355
-3.51142 0.65625

-3.5114 0.65625
-3.5 0.669064

-3.5 0.66908
-3.49747 0.671875

-3.49748 0.671875
-3.48438 0.685983

-3.48438 0.685994
-3.48295 0.6875

-3.48296 0.6875
-3.46875 0.702155

-3.46875 0.702157
-3.46779 0.703125

-3.4678 0.703125
-3.45312 0.71761

-3.45312 0.717616
-3.45195 0.71875

-3.45193 0.71875
-3.4375 0.732412

-3.4375 0.732414
-3.43537 0.734375

-3.43534 0.734375
-3.42188 0.746585

-3.42188 0.746592
-3.418 0.75

-3.41798 0.75
-3.40625 0.76016

-3.40625 0.760205
-3.39973 0.765625

-3.3998 0.765625
-3.39062 0.773162

-3.39062 0.773223
-3.38059 0.78125

-3.38069 0.78125
-3.375 0.785708

-3.375 0.785733
-3.36052 0.796875

-3.36066 0.796875
-3.35938 0.797841

-3.35938 0.797757
-3.34375 0.809299

-3.34375 0.809322
-3.33919 0.8125

-3.33923 0.8125
-3.32812 0.820377

-3.32812 0.82035
-3.31671 0.828125

-3.31687 0.828125
-3.3125 0.83104

-3.3125 0.831012
-3.29688 0.841232

-3.29688 0.841226
-3.29284 0.84375

-3.29286 0.84375
-3.28125 0.851043

-3.28125 0.851022
-3.26739 0.859375

-3.26761 0.859375
-3.26562 0.860549

-3.26562 0.860452
-3.25 0.869489

-3.25 0.869463
-3.24002 0.875

-3.24013 0.875
-3.23438 0.878192

-3.23438 0.878151
-3.21875 0.886459

-3.21875 0.886437
-3.21053 0.890625

-3.21061 0.890625
-3.20312 0.894436

-3.20312 0.894413
-3.1875 0.902033

-3.1875 0.902016
-3.17842 0.90625

-3.1785 0.90625
-3.17188 0.90934

-3.17188 0.909318
-3.15625 0.916283

-3.15625 0.916273
-3.14309 0.921875

-3.1432 0.921875
-3.14062 0.922972

-3.14062 0.922929
-3.125 0.929268

-3.125 0.929266
-3.10938 0.935302

-3.10938 0.935293
-3.10337 0.9375

-3.1034 0.9375
-3.09375 0.941045

-3.09375 0.941039
-3.07812 0.946486

-3.07812 0.946485
-3.0625 0.951646

-3.0625 0.951641
-3.05775 0.953125

-3.05777 0.953125
-3.04688 0.956526

-3.04688 0.956523
-3.03125 0.961123

-3.03125 0.961122
-3.01562 0.965449

-3.01562 0.965447
-3.0029 0.96875

-3.00291 0.96875
-3 0.969506

-3 0.969503
-2.98438 0.973291

-2.98438 0.973291
-2.96875 0.976815

-2.96875 0.976814
-2.95312 0.980077

-2.95312 0.980077
-2.9375 0.983081

-2.9375 0.983089
-2.93019 0.984375

-2.93009 0.984375
-2.92188 0.98582

-2.92188 0.985827
-2.90625 0.98832

-2.90625 0.98832
-2.89062 0.99056

-2.89062 0.99056
-2.875 0.992549

-2.875 0.992549
-2.85938 0.994289

-2.85938 0.994289
-2.84375 0.995781

-2.84375 0.995781
-2.82812 0.997027

-2.82812 0.997026
-2.8125 0.998026

-2.8125 0.998026
-2.79688 0.998781

-2.79688 0.998781
-2.78125 0.999292

-2.78125 0.999292
-2.76562 0.999558

-2.76562 0.999558
-2.75 0.999581

-2.75 0.999581
-2.73438 0.99936

-2.73438 0.99936
-2.71875 0.998894

-2.71875 0.998895
-2.70312 0.998185

-2.70312 0.998185
-2.6875 0.997231

-2.6875 0.997231
-2.67188 0.996032

-2.67188 0.996032
-2.65625 0.994586

-2.65625 0.994586
-2.64062 0.992893

-2.64062 0.992893
-2.625 0.990951

-2.625 0.990951
-2.60938 0.988758

-2.60938 0.988758
-2.59375 0.986313

-2.57812 0.983577
-2.58275 0.984375

-2.59375 0.986328
-2.58245 0.984375

-2.57812 0.983614
-2.5625 0.980659

-2.5625 0.980659
-2.54688 0.977446

-2.54688 0.977446
-2.53125 0.973972

-2.5 0.96622
-2.50987 0.96875

-2.53125 0.973973
-2.51562 0.970234

-2.51562 0.970251
-2.50977 0.96875

-2.5 0.966231
-2.48438 0.961955

-2.48438 0.961956
-2.46875 0.957407

-2.45312 0.952512
-2.45511 0.953125

-2.46875 0.957417
-2.45486 0.953125

-2.45312 0.952582
-2.4375 0.947473

-2.40625 0.936324
-2.40948 0.9375

-2.40625 0.936396
-2.39062 0.930413

-2.39062 0.930415
-2.375 0.924131

-2.4375 0.947474
-2.42188 0.942079

-2.42188 0.942098
-2.40924 0.9375

-2.26562 0.871061
-2.27278 0.875

-2.26562 0.871094
-2.25 0.862117

-2.35938 0.91753
-2.36967 0.921875

-2.375 0.92415
-2.36961 0.921875

-2.35938 0.917541
-2.34375 0.910632

-2.32812 0.903368
-2.33435 0.90625

-2.32812 0.903404
-2.3125 0.895842

-2.34375 0.910656
-2.33423 0.90625

-2.29688 0.887905
-2.30225 0.890625

-2.3125 0.895864
-2.30214 0.890625

-2.29688 0.887946
-2.28125 0.879696

-2.28125 0.879723
-2.27268 0.875

-2.09375 0.748807
-2.09511 0.75

-2.09375 0.748937
-2.07812 0.734836

-2.0625 0.720132
-2.07762 0.734375

-2.07812 0.734835
-2.07763 0.734375

-2 0.654283
-2.0017 0.65625

-2.01562 0.671916
-2.0301 0.6875

-2.00169 0.65625
-2.0156 0.671875

-2.01562 0.671917
-2.01559 0.671875

-2.04688 0.704773
-2.06109 0.71875

-2.03125 0.688698
-2.04524 0.703125

-2.04688 0.704768
-2.04524 0.703125

-2.0625 0.720133
-2.06107 0.71875

-2.03125 0.688711
-2.0301 0.6875

-2.21875 0.842919
-2.22011 0.84375

-2.23438 0.852757
-2.24543 0.859375

-2.25 0.862134
-2.24538 0.859375

-2.23438 0.852777
-2.21991 0.84375

-2.21875 0.843021
-2.20312 0.832863

-2.1875 0.822267
-2.19615 0.828125

-2.20312 0.832885
-2.19607 0.828125

-2.17188 0.811153
-2.17379 0.8125

-2.17188 0.811279
-2.15625 0.799804

-2.125 0.775409
-2.13242 0.78125

-2.14062 0.787852
-2.15242 0.796875

-2.15625 0.79979
-2.15234 0.796875

-2.14062 0.787846
-2.13221 0.78125

-2.1875 0.822309
-2.17359 0.8125

-2.10938 0.762355
-2.11329 0.765625

-2.125 0.775439
-2.11316 0.765625

-2.10938 0.762466
-2.09497 0.75

-1.75589 0
-1.756 0.015625

-1.756 0.015625
-1.75635 0.03125

-1.75635 0.03125
-1.75696 0.046875

-1.75696 0.046875
-1.75781 0.0625

-1.75781 0.0625
-1.75892 0.078125

-1.75891 0.078125
-1.76026 0.09375

-1.76026 0.09375
-1.76185 0.109375

-1.76185 0.109375
-1.7637 0.125

-1.76562 0.139345
-1.7658 0.140625

-1.7658 0.140625
-1.76815 0.15625

-1.76562 0.139339
-1.7637 0.125

-1.76815 0.15625
-1.77075 0.171875

-1.77075 0.171875
-1.7736 0.1875

-1.78125 0.223699
-1.78374 0.234375

-1.78374 0.234375
-1.78764 0.25

-1.7736 0.1875
-1.77672 0.203125

-1.77672 0.203125
-1.7801 0.21875

-1.78125 0.223701
-1.7801 0.21875

-1.875 0.473004
-1.88118 0.484375

-1.88117 0.484375
-1.89003 0.5

-1.8125 0.331496
-1.81688 0.34375

-1.82812 0.372958
-1.82893 0.375

-1.81688 0.34375
-1.82275 0.359375

-1.82812 0.37296
-1.82275 0.359375

-1.78764 0.25
-1.79182 0.265625

-1.79182 0.265625
-1.79627 0.28125

-1.79688 0.283252
-1.801 0.296875

-1.801 0.296875
-1.806 0.3125

-1.79688 0.283253
-1.79627 0.28125

-1.806 0.3125
-1.8113 0.328125

-1.8125 0.331497
-1.8113 0.328125

-1.84375 0.409621
-1.84933 0.421875

-1.84933 0.421875
-1.85678 0.4375

-1.82893 0.375
-1.83542 0.390625

-1.83542 0.390625
-1.84222 0.40625

-1.84375 0.409623
-1.84221 0.40625

-1.85938 0.442711
-1.86456 0.453125

-1.86456 0.453125
-1.87269 0.46875

-1.85938 0.442715
-1.85678 0.4375

-1.875 0.473005
-1.87269 0.46875

-1.96875 0.616307
-1.97555 0.625

-1.9375 0.574249
-1.94015 0.578125

-1.94018 0.578125
-1.9515 0.59375

-1.95312 0.595907
-1.96329 0.609375

-1.96875 0.616415
-1.96335 0.609375

-1.95312 0.595935
-1.95152 0.59375

-1.90625 0.526994
-1.90887 0.53125

-1.92188 0.55136
-1.92932 0.5625

-1.90886 0.53125
-1.91888 0.546875

-1.92188 0.5514
-1.9189 0.546875

-1.89062 0.50102
-1.89925 0.515625

-1.90625 0.527002
-1.89925 0.515625

-1.89062 0.501031
-1.89003 0.5

-1.9375 0.574264
-1.92932 0.5625

-1.98438 0.635774
-1.98835 0.640625

-2 0.654265
-1.98836 0.640625

-1.98438 0.635774
-1.97559 0.625

