-3.99815 0
-3.99815 0.015625

-3.99817 0.015625
-3.99818 0.03125

-3.99822 0.03125
-3.99824 0.046875

-3.99829 0.046875
-3.99831 0.0625

-3.99837 0.0625
-3.99839 0.078125

-3.99846 0.078125
-3.99848 0.09375

-3.99855 0.09375
-3.99858 0.109375

-3.99865 0.109375
-3.99868 0.125

-3.99875 0.125
-3.99878 0.140625

-3.99886 0.140625
-3.99888 0.15625

-3.99896 0.15625
-3.99898 0.171875

-3.99906 0.171875
-3.99908 0.1875

-3.99915 0.1875
-3.99917 0.203125

-3.99924 0.203125
-3.99926 0.21875

-3.99932 0.21875
-3.99934 0.234375

-3.99939 0.234375
-3.99941 0.25

-3.99946 0.25
-3.99948 0.265625

-3.99952 0.265625
-3.99954 0.28125

-3.99958 0.28125
-3.99959 0.296875

-3.99963 0.296875
-3.99964 0.3125

-3.99967 0.3125
-3.99968 0.328125

-3.99971 0.328125
-3.99972 0.34375

-3.99975 0.34375
-3.99975 0.359375

-3.99978 0.359375
-3.99978 0.375

-3.9998 0.375
-3.99981 0.390625

-3.99983 0.390625
-3.99983 0.40625

-3.99985 0.40625
-3.99985 0.421875

-3.99986 0.421875
-3.99987 0.4375

-3.99988 0.4375
-3.99988 0.453125

-3.99989 0.453125
-3.9999 0.46875

-3.9999 0.46875
-3.99991 0.484375

-3.99991 0.484375
-3.99992 0.5

-3.99992 0.5
-3.99992 0.515625

-3.99993 0.515625
-3.99993 0.53125

-3.99993 0.53125
-3.99993 0.546875

-3.99994 0.546875
-3.99994 0.5625

-3.99994 0.5625
-3.99994 0.578125

-3.99993 0.578125
-3.99993 0.59375

-3.99993 0.59375
-3.99992 0.609375

-3.9999 0.609375
-3.99989 0.625

-3.99983 0.625
-3.99979 0.640625

-3.99961 0.640625
-3.99946 0.65625

-3.99885 0.65625
-3.99842 0.671875

-3.99668 0.671875
-3.99588 0.6875

-3.99397 0.6875
-3.9921 0.703125

-3.9877 0.703125
-3.98489 0.71875

-3.98438 0.709688
-3.98077 0.71875

-3.98487 0.71875
-3.98438 0.720621

-3.98311 0.71875
-3.97804 0.734375

-3.978 0.734375
-3.97227 0.75

-3.97166 0.75
-3.96875 0.757196

-3.96875 0.761015
-3.96688 0.765625

-3.96608 0.765625
-3.95888 0.78125

-3.95907 0.78125
-3.95312 0.792346

-3.95312 0.791567
-3.95028 0.796875

-3.95063 0.796875
-3.94082 0.8125

-3.94078 0.8125
-3.9375 0.81728

-3.9375 0.817
-3.92944 0.828125

-3.92961 0.828125
-3.92188 0.837813

-3.92188 0.837041
-3.9163 0.84375

-3.91673 0.84375
-3.90625 0.855432

-3.90625 0.85479
-3.90191 0.859375

-3.90243 0.859375
-3.89062 0.871094

-3.89062 0.870704
-3.88603 0.875

-3.88645 0.875
-3.875 0.885205

-3.875 0.88497
-3.86821 0.890625

-3.86871 0.890625
-3.85938 0.898162

-3.85938 0.898047
-3.84842 0.90625

-3.84883 0.90625
-3.84375 0.909874

-3.84375 0.909751
-3.82812 0.92034

-3.82812 0.919876
-3.82485 0.921875

-3.8258 0.921875
-3.8125 0.93004

-3.8125 0.929866
-3.7988 0.9375

-3.79895 0.9375
-3.79688 0.938641

-3.79688 0.938519
-3.78125 0.94658

-3.78125 0.946554
-3.76769 0.953125

-3.76786 0.953125
-3.76562 0.954209

-3.76562 0.954125
-3.75 0.96125

-3.75 0.961254
-3.73438 0.967944

-3.73438 0.967649
-3.7316 0.96875

-3.73253 0.96875
-3.71875 0.974227

-3.71875 0.974137
-3.70312 0.979897

-3.70312 0.979875
-3.69013 0.984375

-3.69026 0.984375
-3.6875 0.985331

-3.6875 0.985277
-3.67188 0.9904

-3.67188 0.990392
-3.65625 0.995276

-3.65625 0.995263
-3.64062 0.999952

-3.64062 0.999833
-3.64004 1

-3.07812 0.999746
-3.07902 1

-3.07812 0.999715
-3.0625 0.995036

-3.0625 0.995043
-3.04688 0.990075

-3.04688 0.990075
-3.03125 0.984802

-3.01562 0.979224
-3.03003 0.984375

-3.03125 0.984757
-3.03018 0.984375

-3.01562 0.979216
-3 0.973308

-3.64053 1
-3.625 1.00445

-3.625 1.00446
-3.60938 1.00868

-3.60938 1.00868
-3.59375 1.01262

-3.59375 1.01261
-3.58093 1.01562

-3.58093 1.01562
-3.57812 1.01629

-3.57812 1.01628
-3.5625 1.01973

-3.5625 1.01973
-3.54688 1.02298

-3.54688 1.02298
-3.53125 1.02601

-3.53125 1.02601
-3.51562 1.0288

-3.51562 1.0288
-3.50055 1.03125

-3.50051 1.03125
-3.5 1.03133

-3.5 1.03135
-3.48438 1.03362

-3.48438 1.03362
-3.46875 1.03562

-3.46875 1.03562
-3.45312 1.03735

-3.45312 1.03735
-3.4375 1.0388

-3.4375 1.0388
-3.42188 1.03997

-3.42188 1.03997
-3.40625 1.04085

-3.40625 1.04085
-3.39062 1.04144

-3.39062 1.04144
-3.375 1.04175

-3.375 1.04174
-3.35938 1.04177

-3.35938 1.04177
-3.34375 1.04154

-3.34375 1.04154
-3.32812 1.04104

-3.32812 1.04104
-3.3125 1.04028

-3.3125 1.04028
-3.29688 1.03927

-3.29688 1.03927
-3.28125 1.03801

-3.28125 1.03801
-3.26562 1.03652

-3.26562 1.03652
-3.25 1.03481

-3.21875 1.03076
-3.22227 1.03125

-3.25 1.03481
-3.23438 1.03288

-3.23438 1.03286
-3.2228 1.03125

-3.21875 1.03071
-3.20312 1.02827

-3.20312 1.02827
-3.1875 1.02557

-3.1875 1.02557
-3.17188 1.02261

-3.17188 1.0226
-3.15625 1.01939

-3.15625 1.01939
-3.14062 1.01593

-3.125 1.01223
-3.13933 1.01562

-3.14062 1.01592
-3.13939 1.01562

-3.125 1.01223
-3.10938 1.00829

-3.10938 1.00829
-3.09375 1.00412

-3.09375 1.00412
-3.07917 1

-2.98438 0.967155
-2.98838 0.96875

-2.98438 0.967091
-2.96875 0.960567

-3 0.973284
-2.98861 0.96875

-2.96875 0.96056
-2.95312 0.953739

-2.9375 0.946636
-2.95175 0.953125

-2.95312 0.953666
-2.95194 0.953125

-2.90625 0.93156
-2.9183 0.9375

-2.90625 0.931515
-2.89062 0.923516

-2.875 0.915258
-2.88744 0.921875

-2.89062 0.923375
-2.88781 0.921875

-2.9375 0.946621
-2.92188 0.939215

-2.92188 0.939094
-2.91864 0.9375

-2.79688 0.868608
-2.80679 0.875

-2.78125 0.858083
-2.7832 0.859375

-2.79688 0.868534
-2.78323 0.859375

-2.75 0.835886
-2.76085 0.84375

-2.78125 0.858043
-2.76562 0.847146

-2.76562 0.847002
-2.761 0.84375

-2.84375 0.897609
-2.8588 0.90625

-2.875 0.915216
-2.85938 0.906575

-2.85938 0.906503
-2.85893 0.90625

-2.82812 0.888347
-2.83194 0.890625

-2.84375 0.897594
-2.83207 0.890625

-2.82812 0.888286
-2.8125 0.878596

-2.8125 0.878467
-2.8071 0.875

-2.64062 0.7429
-2.64803 0.75

-2.625 0.727433
-2.63193 0.734375

-2.64062 0.742834
-2.632 0.734375

-2.53125 0.618388
-2.53613 0.625

-2.5 0.574247
-2.50254 0.578125

-2.50255 0.578125
-2.51332 0.59375

-2.51562 0.596989
-2.5245 0.609375

-2.53125 0.618433
-2.52452 0.609375

-2.51562 0.596982
-2.51338 0.59375

-2.57812 0.676761
-2.58746 0.6875

-2.5625 0.658292
-2.57387 0.671875

-2.57812 0.676744
-2.57395 0.671875

-2.60938 0.711281
-2.6165 0.71875

-2.59375 0.694411
-2.60166 0.703125

-2.60938 0.711234
-2.6018 0.703125

-2.625 0.72735
-2.61661 0.71875

-2.59375 0.694398
-2.58758 0.6875

-2.54688 0.638855
-2.54825 0.640625

-2.54824 0.640625
-2.56081 0.65625

-2.54688 0.638852
-2.53615 0.625

-2.5625 0.658217
-2.56088 0.65625

-2.71875 0.811784
-2.71965 0.8125

-2.71875 0.811779
-2.70312 0.799025

-2.6875 0.785807
-2.70057 0.796875

-2.70312 0.798946
-2.70064 0.796875

-2.73438 0.82412
-2.73974 0.828125

-2.75 0.835812
-2.7398 0.828125

-2.73438 0.824056
-2.71966 0.8125

-2.67188 0.772114
-2.68233 0.78125

-2.65625 0.757817
-2.6648 0.765625

-2.67188 0.771992
-2.66479 0.765625

-2.6875 0.785714
-2.68234 0.78125

-2.65625 0.757728
-2.64802 0.75

-2.3253 0
-2.32542 0.015625

-2.32542 0.015625
-2.32578 0.03125

-2.32577 0.03125
-2.32636 0.046875

-2.32636 0.046875
-2.32719 0.0625

-2.32812 0.0761542
-2.32826 0.078125

-2.32826 0.078125
-2.32957 0.09375

-2.32812 0.0761584
-2.32719 0.0625

-2.32957 0.09375
-2.33111 0.109375

-2.33111 0.109375
-2.3329 0.125

-2.33289 0.125
-2.33492 0.140625

-2.33492 0.140625
-2.33719 0.15625

-2.33719 0.15625
-2.33971 0.171875

-2.33971 0.171875
-2.34248 0.1875

-2.34375 0.194087
-2.3455 0.203125

-2.3455 0.203125
-2.34876 0.21875

-2.34876 0.21875
-2.35229 0.234375

-2.35229 0.234375
-2.35606 0.25

-2.34375 0.194086
-2.34248 0.1875

-2.375 0.316178
-2.37891 0.328125

-2.37891 0.328125
-2.38429 0.34375

-2.39062 0.361127
-2.39591 0.375

-2.38429 0.34375
-2.38996 0.359375

-2.39062 0.361136
-2.38995 0.359375

-2.4375 0.467723
-2.43801 0.46875

-2.45312 0.497234
-2.45463 0.5

-2.43801 0.46875
-2.44615 0.484375

-2.45312 0.497236
-2.44614 0.484375

-2.40625 0.400386
-2.40871 0.40625

-2.42188 0.435632
-2.42273 0.4375

-2.40871 0.40625
-2.41556 0.421875

-2.42188 0.435634
-2.41556 0.421875

-2.39591 0.375
-2.40216 0.390625

-2.40625 0.400389
-2.40216 0.390625

-2.42273 0.4375
-2.43021 0.453125

-2.4375 0.467726
-2.43021 0.453125

-2.35938 0.262818
-2.3601 0.265625

-2.3601 0.265625
-2.3644 0.28125

-2.35938 0.262821
-2.35606 0.25

-2.3644 0.28125
-2.36896 0.296875

-2.36896 0.296875
-2.3738 0.3125

-2.375 0.316181
-2.3738 0.3125

-2.46875 0.524593
-2.47267 0.53125

-2.48438 0.55022
-2.4922 0.5625

-2.47267 0.53125
-2.48225 0.546875

-2.48438 0.550235
-2.48227 0.546875

-2.45462 0.5
-2.46347 0.515625

-2.46875 0.524592
-2.46347 0.515625

-2.5 0.574273
-2.4922 0.5625

