-3.82745 0
-3.82732 0.015625

-3.82732 0.015625
-3.82696 0.03125

-3.82696 0.03125
-3.82634 0.046875

-3.82634 0.046875
-3.82548 0.0625

-3.82548 0.0625
-3.82438 0.078125

-3.82438 0.078125
-3.82302 0.09375

-3.82302 0.09375
-3.82142 0.109375

-3.82142 0.109375
-3.81956 0.125

-3.81956 0.125
-3.81746 0.140625

-3.81746 0.140625
-3.8151 0.15625

-3.8151 0.15625
-3.8125 0.171781

-3.8125 0.171795
-3.81249 0.171875

-3.81249 0.171875
-3.80962 0.1875

-3.80962 0.1875
-3.80649 0.203125

-3.80649 0.203125
-3.8031 0.21875

-3.8031 0.21875
-3.79945 0.234375

-3.79945 0.234375
-3.79688 0.244623

-3.79688 0.244718
-3.79555 0.25

-3.79554 0.25
-3.79135 0.265625

-3.79135 0.265625
-3.78689 0.28125

-3.78689 0.28125
-3.78215 0.296875

-3.78207 0.296875
-3.78125 0.29943

-3.78125 0.299743
-3.77715 0.3125

-3.77714 0.3125
-3.77183 0.328125

-3.77183 0.328125
-3.76624 0.34375

-3.76612 0.34375
-3.76562 0.345052

-3.76562 0.345429
-3.76037 0.359375

-3.76036 0.359375
-3.75417 0.375

-3.75415 0.375
-3.75 0.384982

-3.75 0.385123
-3.74771 0.390625

-3.74768 0.390625
-3.74087 0.40625

-3.74087 0.40625
-3.73438 0.420483

-3.73438 0.420519
-3.73376 0.421875

-3.73374 0.421875
-3.72629 0.4375

-3.72629 0.4375
-3.71875 0.45262

-3.71875 0.452633
-3.7185 0.453125

-3.7185 0.453125
-3.71036 0.46875

-3.71036 0.46875
-3.70312 0.482068

-3.70312 0.482123
-3.7019 0.484375

-3.70188 0.484375
-3.69302 0.5

-3.69299 0.5
-3.6875 0.50929

-3.6875 0.509455
-3.68386 0.515625

-3.6838 0.515625
-3.67418 0.53125

-3.674 0.53125
-3.67188 0.534611

-3.67188 0.534941
-3.66423 0.546875

-3.66417 0.546875
-3.65625 0.55874

-3.65625 0.558786
-3.6538 0.5625

-3.65375 0.5625
-3.6429 0.578125

-3.64269 0.578125
-3.64062 0.581061

-3.64062 0.581336
-3.63164 0.59375

-3.63155 0.59375
-3.625 0.602489

-3.625 0.60255
-3.6199 0.609375

-3.61983 0.609375
-3.60938 0.622704

-3.60938 0.622738
-3.60759 0.625

-3.60758 0.625
-3.59481 0.640625

-3.59463 0.640625
-3.59375 0.641676

-3.59375 0.641897
-3.58153 0.65625

-3.58138 0.65625
-3.57812 0.659982

-3.57812 0.660105
-3.56769 0.671875

-3.56754 0.671875
-3.5625 0.677412

-3.5625 0.67746
-3.55324 0.6875

-3.55309 0.6875
-3.54688 0.694032

-3.54688 0.694093
-3.5381 0.703125

-3.53802 0.703125
-3.53125 0.709921

-3.53125 0.709975
-3.52228 0.71875

-3.52227 0.71875
-3.51562 0.725117

-3.51562 0.725185
-3.50573 0.734375

-3.50579 0.734375
-3.5 0.739682

-3.5 0.739726
-3.48846 0.75

-3.48855 0.75
-3.48438 0.753663

-3.48438 0.753658
-3.47041 0.765625

-3.47051 0.765625
-3.46875 0.767105

-3.46875 0.767046
-3.45312 0.779888

-3.45312 0.779875
-3.45139 0.78125

-3.45139 0.78125
-3.4375 0.792204

-3.4375 0.792221
-3.43126 0.796875

-3.43135 0.796875
-3.42188 0.804024

-3.42188 0.803991
-3.41017 0.8125

-3.4104 0.8125
-3.40625 0.815429

-3.40625 0.81538
-3.39062 0.82629

-3.39062 0.826295
-3.38784 0.828125

-3.38788 0.828125
-3.375 0.836762

-3.375 0.836711
-3.36406 0.84375

-3.36431 0.84375
-3.35938 0.846898

-3.35938 0.846809
-3.34375 0.856463

-3.34375 0.856428
-3.33878 0.859375

-3.33886 0.859375
-3.32812 0.865739

-3.32812 0.865723
-3.3125 0.874609

-3.3125 0.874601
-3.31177 0.875

-3.31178 0.875
-3.29688 0.883125

-3.29688 0.883107
-3.28249 0.890625

-3.28281 0.890625
-3.28125 0.891441

-3.28125 0.891287
-3.26562 0.899106

-3.26562 0.899094
-3.25068 0.90625

-3.25098 0.90625
-3.25 0.906718

-3.25 0.906581
-3.23438 0.913733

-3.23438 0.91373
-3.21875 0.92056

-3.21875 0.920548
-3.21557 0.921875

-3.2156 0.921875
-3.20312 0.927078

-3.20312 0.927073
-3.1875 0.933282

-3.1875 0.933265
-3.1763 0.9375

-3.17645 0.9375
-3.17188 0.939229

-3.17188 0.939188
-3.15625 0.944799

-3.15625 0.944798
-3.14062 0.950117

-3.14062 0.950103
-3.13124 0.953125

-3.13134 0.953125
-3.125 0.955168

-3.125 0.955148
-3.10938 0.959899

-3.10938 0.959898
-3.09375 0.964371

-3.09375 0.96437
-3.07812 0.968569

-3.07812 0.968568
-3.0774 0.96875

-3.0774 0.96875
-3.0625 0.972496

-3.0625 0.972495
-3.04688 0.976155

-3.04688 0.976155
-3.03125 0.979551

-3.03125 0.97955
-3.01562 0.982685

-3.01562 0.98269
-3.00647 0.984375

-3.00639 0.984375
-3 0.985552

-3 0.98556
-2.98438 0.988179

-2.98438 0.988178
-2.96875 0.990544

-2.96875 0.990543
-2.95312 0.992656

-2.95312 0.992655
-2.9375 0.994517

-2.9375 0.994517
-2.92188 0.99613

-2.92188 0.996129
-2.90625 0.997494

-2.90625 0.997494
-2.89062 0.998611

-2.89062 0.99861
-2.875 0.999481

-2.875 0.999486
-2.86215 1

-2.78125 0.99954
-2.79317 1

-2.78125 0.999547
-2.76562 0.998697

-2.76562 0.998697
-2.75 0.9976

-2.75 0.997601
-2.73438 0.996256

-2.73438 0.996256
-2.71875 0.994663

-2.71875 0.994664
-2.70312 0.99282

-2.70312 0.99282
-2.6875 0.990725

-2.6875 0.990725
-2.67188 0.988377

-2.67188 0.988377
-2.65625 0.985774

-2.64062 0.982885
-2.64876 0.984375

-2.65625 0.985803
-2.64845 0.984375

-2.64062 0.982914
-2.625 0.979795

-2.625 0.979795
-2.60938 0.976415

-2.60938 0.976416
-2.59375 0.972771

-2.5625 0.964681
-2.57771 0.96875

-2.59375 0.97277
-2.57812 0.96886

-2.57812 0.968864
-2.5777 0.96875

-2.5625 0.964681
-2.54688 0.960226

-2.54688 0.960227
-2.53125 0.955495

-2.51562 0.950453
-2.52395 0.953125

-2.53125 0.955528
-2.52376 0.953125

-2.51562 0.950484
-2.5 0.945185

-2.46875 0.933695
-2.47885 0.9375

-2.46875 0.933712
-2.45312 0.927524

-2.4375 0.920926
-2.43978 0.921875

-2.45312 0.927542
-2.43949 0.921875

-2.5 0.945186
-2.48438 0.939596

-2.48438 0.939625
-2.47873 0.9375

-2.4375 0.921032
-2.42188 0.914224

-2.42188 0.914226
-2.40625 0.907098

-2.39062 0.899641
-2.40447 0.90625

-2.39062 0.899644
-2.375 0.891851

-2.40625 0.907108
-2.40445 0.90625

-2.32812 0.866368
-2.34335 0.875

-2.3125 0.857036
-2.31646 0.859375

-2.32812 0.866401
-2.31624 0.859375

-2.28125 0.837462
-2.29105 0.84375

-2.3125 0.857135
-2.29688 0.847508

-2.29688 0.847539
-2.29095 0.84375

-2.26562 0.826897
-2.26748 0.828125

-2.28125 0.837504
-2.26722 0.828125

-2.26562 0.827041
-2.25 0.816161

-2.35938 0.883713
-2.37265 0.890625

-2.375 0.891867
-2.37262 0.890625

-2.35938 0.883716
-2.34375 0.875223

-2.34375 0.875225
-2.34335 0.875

-2.15625 0.740723
-2.16675 0.75

-2.125 0.710984
-2.13294 0.71875

-2.14062 0.726162
-2.14946 0.734375

-2.15625 0.740705
-2.14932 0.734375

-2.14062 0.726197
-2.13284 0.71875

-2 0.560059
-2.0016 0.5625

-2.04688 0.623964
-2.04769 0.625

-2.03125 0.603733
-2.03544 0.609375

-2.04688 0.623935
-2.03547 0.609375

-2.01562 0.582518
-2.02373 0.59375

-2.00163 0.5625
-2.01246 0.578125

-2.01562 0.582589
-2.0125 0.578125

-2.03125 0.60375
-2.02374 0.59375

-2.09375 0.678555
-2.10202 0.6875

-2.0625 0.643041
-2.07373 0.65625

-2.07812 0.66118
-2.08755 0.671875

-2.09375 0.678596
-2.08764 0.671875

-2.07812 0.661247
-2.07377 0.65625

-2.10938 0.695148
-2.11713 0.703125

-2.125 0.71104
-2.11711 0.703125

-2.10938 0.69518
-2.10207 0.6875

-2.0477 0.625
-2.06045 0.640625

-2.0625 0.643064
-2.06046 0.640625

-2.23438 0.804821
-2.24496 0.8125

-2.21875 0.792971
-2.22396 0.796875

-2.23438 0.804881
-2.22377 0.796875

-2.20312 0.780613
-2.20393 0.78125

-2.20312 0.780759
-2.1875 0.767953

-2.21875 0.793052
-2.20375 0.78125

-2.25 0.816141
-2.24483 0.8125

-2.17188 0.75461
-2.18477 0.765625

-2.1875 0.767955
-2.18472 0.765625

-2.17188 0.754613
-2.1666 0.75

-2.8613 1
-2.85938 1.00008

-2.85938 1.00011
-2.84375 1.00049

-2.84375 1.00049
-2.82812 1.00062

-2.82812 1.00062
-2.8125 1.00051

-2.8125 1.00051
-2.79688 1.00015

-2.79688 1.00017
-2.79246 1

-1.82881 0
-1.82893 0.015625

-1.82893 0.015625
-1.82929 0.03125

-1.82929 0.03125
-1.8299 0.046875

-1.8299 0.046875
-1.83075 0.0625

-1.83075 0.0625
-1.83185 0.078125

-1.83185 0.078125
-1.83319 0.09375

-1.83319 0.09375
-1.83478 0.109375

-1.83478 0.109375
-1.83662 0.125

-1.84375 0.172494
-1.84649 0.1875

-1.83662 0.125
-1.83871 0.140625

-1.83871 0.140625
-1.84104 0.15625

-1.84104 0.15625
-1.84364 0.171875

-1.84375 0.172493
-1.84364 0.171875

-1.84649 0.1875
-1.84959 0.203125

-1.84959 0.203125
-1.85296 0.21875

-1.85938 0.245589
-1.86047 0.25

-1.85296 0.21875
-1.85658 0.234375

-1.85938 0.245583
-1.85658 0.234375

-1.875 0.300716
-1.87876 0.3125

-1.87876 0.3125
-1.88403 0.328125

-1.88403 0.328125
-1.8896 0.34375

-1.89062 0.346502
-1.89545 0.359375

-1.89545 0.359375
-1.90161 0.375

-1.89062 0.346499
-1.88959 0.34375

-1.9375 0.453886
-1.94521 0.46875

-1.95312 0.483403
-1.95365 0.484375

-1.95366 0.484375
-1.96248 0.5

-1.95312 0.483382
-1.94521 0.46875

-1.90625 0.386242
-1.90806 0.390625

-1.90806 0.390625
-1.91484 0.40625

-1.92188 0.421769
-1.92192 0.421875

-1.92193 0.421875
-1.92935 0.4375

-1.92188 0.421749
-1.91484 0.40625

-1.90625 0.386229
-1.90161 0.375

-1.92935 0.4375
-1.93711 0.453125

-1.9375 0.453886
-1.93711 0.453125

-1.86047 0.25
-1.86464 0.265625

-1.86463 0.265625
-1.86907 0.28125

-1.86907 0.28125
-1.87378 0.296875

-1.875 0.300714
-1.87377 0.296875

-1.96875 0.510669
-1.97167 0.515625

-1.97167 0.515625
-1.98125 0.53125

-1.98438 0.536142
-1.99123 0.546875

-2 0.560045
-1.99123 0.546875

-1.98438 0.536155
-1.98126 0.53125

-1.96875 0.510655
-1.96248 0.5

