-3.6812 0
-3.68108 0.015625

-3.68108 0.015625
-3.68071 0.03125

-3.68071 0.03125
-3.6801 0.046875

-3.6801 0.046875
-3.67924 0.0625

-3.67924 0.0625
-3.67814 0.078125

-3.67814 0.078125
-3.6768 0.09375

-3.6768 0.09375
-3.6752 0.109375

-3.6752 0.109375
-3.67336 0.125

-3.67336 0.125
-3.67188 0.136104

-3.67188 0.136088
-3.67127 0.140625

-3.67127 0.140625
-3.66893 0.15625

-3.66893 0.15625
-3.66633 0.171875

-3.66633 0.171875
-3.66348 0.1875

-3.66348 0.1875
-3.66037 0.203125

-3.66037 0.203125
-3.657 0.21875

-3.657 0.21875
-3.65625 0.22197

-3.65625 0.221958
-3.65336 0.234375

-3.65336 0.234375
-3.64946 0.25

-3.64947 0.25
-3.6453 0.265625

-3.6453 0.265625
-3.64086 0.28125

-3.64086 0.28125
-3.64062 0.282026

-3.64062 0.282022
-3.63614 0.296875

-3.63614 0.296875
-3.63115 0.3125

-3.63115 0.3125
-3.62587 0.328125

-3.62587 0.328125
-3.625 0.330568

-3.625 0.330552
-3.62029 0.34375

-3.6203 0.34375
-3.61443 0.359375

-3.61444 0.359375
-3.60938 0.372201

-3.60938 0.372135
-3.60824 0.375

-3.60827 0.375
-3.60179 0.390625

-3.6018 0.390625
-3.59501 0.40625

-3.59502 0.40625
-3.59375 0.409042

-3.59375 0.409022
-3.5879 0.421875

-3.58791 0.421875
-3.58047 0.4375

-3.58049 0.4375
-3.57812 0.442254

-3.57812 0.442219
-3.5727 0.453125

-3.57271 0.453125
-3.5646 0.46875

-3.56461 0.46875
-3.5625 0.472641

-3.5625 0.472614
-3.55613 0.484375

-3.55613 0.484375
-3.5473 0.5

-3.5473 0.5
-3.54688 0.500736

-3.54688 0.500724
-3.53809 0.515625

-3.53811 0.515625
-3.53125 0.526788

-3.53125 0.526722
-3.52847 0.53125

-3.5285 0.53125
-3.5185 0.546875

-3.51849 0.546875
-3.51562 0.551253

-3.51562 0.55119
-3.50809 0.5625

-3.5081 0.5625
-3.5 0.57417

-3.5 0.574092
-3.49725 0.578125

-3.49725 0.578125
-3.48595 0.59375

-3.48595 0.59375
-3.48438 0.595888

-3.48438 0.595853
-3.47419 0.609375

-3.47414 0.609375
-3.46875 0.616425

-3.46875 0.616291
-3.46195 0.625

-3.46193 0.625
-3.45312 0.635821

-3.45312 0.635792
-3.44917 0.640625

-3.44919 0.640625
-3.4375 0.654345

-3.4375 0.654331
-3.43584 0.65625

-3.43588 0.65625
-3.422 0.671875

-3.42201 0.671875
-3.42188 0.672024

-3.42188 0.672022
-3.40753 0.6875

-3.40753 0.6875
-3.40625 0.68885

-3.40625 0.688834
-3.39242 0.703125

-3.39242 0.703125
-3.39062 0.704937

-3.39062 0.704945
-3.37661 0.71875

-3.37664 0.71875
-3.375 0.720329

-3.375 0.720326
-3.36011 0.734375

-3.36011 0.734375
-3.35938 0.735054

-3.35938 0.735057
-3.34375 0.74918

-3.34375 0.749072
-3.3427 0.75

-3.3428 0.75
-3.32812 0.76272

-3.32812 0.762624
-3.32454 0.765625

-3.32465 0.765625
-3.3125 0.775713

-3.3125 0.775691
-3.30546 0.78125

-3.30563 0.78125
-3.29688 0.788136

-3.29688 0.78815
-3.28548 0.796875

-3.28555 0.796875
-3.28125 0.800086

-3.28125 0.800114
-3.26562 0.811603

-3.26562 0.811525
-3.26424 0.8125

-3.26436 0.8125
-3.25 0.822635

-3.25 0.822616
-3.24187 0.828125

-3.24191 0.828125
-3.23438 0.833219

-3.23438 0.833211
-3.21875 0.843379

-3.21875 0.84332
-3.21805 0.84375

-3.21815 0.84375
-3.20312 0.853138

-3.20312 0.853131
-3.19271 0.859375

-3.19272 0.859375
-3.1875 0.862501

-3.1875 0.862496
-3.17188 0.871481

-3.17188 0.871474
-3.16548 0.875

-3.16549 0.875
-3.15625 0.880096

-3.15625 0.880091
-3.14062 0.888347

-3.14062 0.888341
-3.13611 0.890625

-3.13612 0.890625
-3.125 0.896255

-3.125 0.896251
-3.10938 0.903819

-3.10938 0.903816
-3.10412 0.90625

-3.10412 0.90625
-3.09375 0.911055

-3.09375 0.911053
-3.07812 0.917967

-3.07812 0.917966
-3.06887 0.921875

-3.06886 0.921875
-3.0625 0.924562

-3.0625 0.924562
-3.04688 0.930851

-3.04688 0.93085
-3.03125 0.936836

-3.03125 0.936833
-3.02942 0.9375

-3.02942 0.9375
-3.01562 0.942524

-3.01562 0.942522
-3 0.94792

-3 0.947918
-2.98438 0.953029

-2.98438 0.953024
-2.98405 0.953125

-2.98406 0.953125
-2.96875 0.957856

-2.96875 0.957855
-2.95312 0.962406

-2.95312 0.962405
-2.9375 0.966681

-2.9375 0.96668
-2.92943 0.96875

-2.92943 0.96875
-2.92188 0.970686

-2.92188 0.970685
-2.90625 0.974424

-2.90625 0.974423
-2.89062 0.977898

-2.89062 0.977897
-2.875 0.981111

-2.875 0.98111
-2.85938 0.984065

-2.85938 0.984046
-2.85747 0.984375

-2.85759 0.984375
-2.84375 0.986766

-2.84375 0.986763
-2.82812 0.989207

-2.82812 0.989206
-2.8125 0.991398

-2.8125 0.991398
-2.79688 0.993339

-2.79688 0.993338
-2.78125 0.99503

-2.78125 0.99503
-2.76562 0.996474

-2.76562 0.996474
-2.75 0.997671

-2.75 0.997671
-2.73438 0.998623

-2.73438 0.998622
-2.71875 0.999329

-2.71875 0.999328
-2.70312 0.99979

-2.70312 0.999788
-2.68788 1

-2.67188 0.999973
-2.68717 1

-2.67188 0.999979
-2.65625 0.999708

-2.65625 0.999708
-2.64062 0.999192

-2.64062 0.999192
-2.625 0.998431

-2.625 0.998431
-2.60938 0.997425

-2.60938 0.997425
-2.59375 0.996172

-2.59375 0.996173
-2.57812 0.994673

-2.57812 0.994673
-2.5625 0.992926

-2.5625 0.992926
-2.54688 0.990929

-2.54688 0.990929
-2.53125 0.988681

-2.53125 0.988681
-2.51562 0.98618

-2.5 0.983432
-2.50535 0.984375

-2.51562 0.986177
-2.50541 0.984375

-2.5 0.983425
-2.48438 0.980413

-2.48438 0.980413
-2.46875 0.977142

-2.46875 0.977143
-2.45312 0.973609

-2.45312 0.97361
-2.4375 0.969812

-2.42188 0.96575
-2.4334 0.96875

-2.42188 0.965748
-2.40625 0.961411

-2.4375 0.969803
-2.43345 0.96875

-2.40625 0.961412
-2.39062 0.956799

-2.375 0.951913
-2.37887 0.953125

-2.39062 0.956799
-2.37889 0.953125

-2.32812 0.935526
-2.33348 0.9375

-2.32812 0.935523
-2.3125 0.929469

-2.375 0.95191
-2.35938 0.946736

-2.35938 0.946737
-2.34375 0.941275

-2.34375 0.941274
-2.3335 0.9375

-2.3125 0.929471
-2.29688 0.923113

-2.28125 0.916451
-2.29396 0.921875

-2.29688 0.923092
-2.29402 0.921875

-2.25 0.902167
-2.25873 0.90625

-2.28125 0.916448
-2.26562 0.909462

-2.26562 0.909447
-2.25879 0.90625

-2.01562 0.746135
-2.02001 0.75

-2 0.731883
-2.00269 0.734375

-2.01562 0.746103
-2.00272 0.734375

-2.1875 0.869517
-2.19735 0.875

-2.1875 0.869507
-2.17188 0.860439

-2.15625 0.850998
-2.1701 0.859375

-2.17188 0.860384
-2.17018 0.859375

-2.14062 0.841174
-2.14472 0.84375

-2.14062 0.841151
-2.125 0.830894

-2.15625 0.850987
-2.14477 0.84375

-2.25 0.902155
-2.23438 0.894512

-2.21875 0.886543
-2.22674 0.890625

-2.23438 0.8945
-2.22679 0.890625

-2.21875 0.886532
-2.20312 0.878197

-2.20312 0.878176
-2.19742 0.875

-2.09375 0.809143
-2.09854 0.8125

-2.09375 0.809095
-2.07812 0.797506

-2.0625 0.785442
-2.0773 0.796875

-2.07812 0.797483
-2.07732 0.796875

-2.10938 0.82023
-2.12092 0.828125

-2.125 0.830817
-2.12097 0.828125

-2.10938 0.820206
-2.09855 0.8125

-2.04688 0.772892
-2.05727 0.78125

-2.03125 0.759819
-2.03821 0.765625

-2.04688 0.772779
-2.03816 0.765625

-2.0625 0.785364
-2.05727 0.78125

-2.03125 0.759731
-2.02003 0.75

-2.68939 1
-2.6875 1.00003

-2.6875 1.00002
-2.67703 1

-1.75 0.363585
-1.7544 0.375

-1.8125 0.494805
-1.81544 0.5

-1.78125 0.435407
-1.78225 0.4375

-1.76562 0.401469
-1.7677 0.40625

-1.75444 0.375
-1.76092 0.390625

-1.76562 0.401464
-1.76091 0.390625

-1.7677 0.40625
-1.77481 0.421875

-1.78125 0.435406
-1.77481 0.421875

-1.79688 0.466329
-1.79813 0.46875

-1.78224 0.4375
-1.79002 0.453125

-1.79688 0.466325
-1.79002 0.453125

-1.79813 0.46875
-1.80661 0.484375

-1.8125 0.494799
-1.8066 0.484375

-1.6875 0.109596
-1.68932 0.125

-1.68148 0
-1.6816 0.015625

-1.6816 0.015625
-1.68197 0.03125

-1.68197 0.03125
-1.68258 0.046875

-1.68258 0.046875
-1.68343 0.0625

-1.68343 0.0625
-1.68453 0.078125

-1.68453 0.078125
-1.68588 0.09375

-1.68588 0.09375
-1.68747 0.109375

-1.6875 0.109769
-1.68745 0.109375

-1.68932 0.125
-1.69141 0.140625

-1.69141 0.140625
-1.69375 0.15625

-1.69375 0.15625
-1.69635 0.171875

-1.69635 0.171875
-1.6992 0.1875

-1.70312 0.206919
-1.70568 0.21875

-1.6992 0.1875
-1.70231 0.203125

-1.70312 0.206912
-1.70231 0.203125

-1.70568 0.21875
-1.70931 0.234375

-1.70931 0.234375
-1.71321 0.25

-1.71875 0.27045
-1.72182 0.28125

-1.72182 0.28125
-1.72654 0.296875

-1.72654 0.296875
-1.73154 0.3125

-1.71321 0.25
-1.71738 0.265625

-1.71875 0.270446
-1.71738 0.265625

-1.73438 0.320883
-1.73683 0.328125

-1.73683 0.328125
-1.7424 0.34375

-1.73438 0.320875
-1.73154 0.3125

-1.7424 0.34375
-1.74827 0.359375

-1.75 0.363846
-1.74823 0.359375

-1.875 0.591245
-1.8768 0.59375

-1.89062 0.612012
-1.90082 0.625

-1.8768 0.59375
-1.88857 0.609375

-1.89062 0.611935
-1.88866 0.609375

-1.95312 0.685228
-1.95527 0.6875

-1.9375 0.668212
-1.94079 0.671875

-1.95312 0.685223
-1.94079 0.671875

-1.98438 0.717012
-1.98617 0.71875

-1.96875 0.701475
-1.97038 0.703125

-1.98438 0.71699
-1.97036 0.703125

-2 0.731867
-1.98618 0.71875

-1.96875 0.701476
-1.95527 0.6875

-1.92188 0.65037
-1.92689 0.65625

-1.90625 0.631636
-1.91355 0.640625

-1.92188 0.650407
-1.91366 0.640625

-1.9375 0.668218
-1.92693 0.65625

-1.90625 0.631678
-1.90092 0.625

-1.84375 0.546091
-1.84424 0.546875

-1.84424 0.546875
-1.85466 0.5625

-1.82812 0.521291
-1.83424 0.53125

-1.81544 0.5
-1.82465 0.515625

-1.82812 0.521273
-1.82466 0.515625

-1.84375 0.546096
-1.83425 0.53125

-1.85938 0.569298
-1.86551 0.578125

-1.875 0.591249
-1.86551 0.578125

-1.85938 0.569301
-1.85468 0.5625

