-3.71271 0
-3.71259 0.015625

-3.71259 0.015625
-3.71222 0.03125

-3.71222 0.03125
-3.71161 0.046875

-3.71161 0.046875
-3.71075 0.0625

-3.71075 0.0625
-3.70965 0.078125

-3.70965 0.078125
-3.7083 0.09375

-3.7083 0.09375
-3.7067 0.109375

-3.7067 0.109375
-3.70485 0.125

-3.70485 0.125
-3.70312 0.137821

-3.70312 0.137827
-3.70275 0.140625

-3.70275 0.140625
-3.70039 0.15625

-3.70039 0.15625
-3.69779 0.171875

-3.69779 0.171875
-3.69492 0.1875

-3.69492 0.1875
-3.6918 0.203125

-3.6918 0.203125
-3.68841 0.21875

-3.6884 0.21875
-3.6875 0.222598

-3.6875 0.222675
-3.68477 0.234375

-3.68476 0.234375
-3.68085 0.25

-3.68085 0.25
-3.67666 0.265625

-3.67666 0.265625
-3.6722 0.28125

-3.67216 0.28125
-3.67188 0.2822

-3.67188 0.28234
-3.66747 0.296875

-3.66747 0.296875
-3.66245 0.3125

-3.66245 0.3125
-3.65714 0.328125

-3.6571 0.328125
-3.65625 0.330504

-3.65625 0.330649
-3.65156 0.34375

-3.65155 0.34375
-3.64566 0.359375

-3.64566 0.359375
-3.64062 0.372081

-3.64062 0.372111
-3.63948 0.375

-3.63947 0.375
-3.63297 0.390625

-3.63297 0.390625
-3.62616 0.40625

-3.6261 0.40625
-3.625 0.408663

-3.625 0.408824
-3.61904 0.421875

-3.61903 0.421875
-3.61157 0.4375

-3.61152 0.4375
-3.60938 0.4418

-3.60938 0.441938
-3.60379 0.453125

-3.60377 0.453125
-3.59563 0.46875

-3.59556 0.46875
-3.59375 0.472086

-3.59375 0.472243
-3.58715 0.484375

-3.58713 0.484375
-3.57827 0.5

-3.57812 0.500246
-3.56902 0.515625

-3.56902 0.515625
-3.5625 0.52619

-3.5625 0.526237
-3.55941 0.53125

-3.55939 0.53125
-3.54935 0.546875

-3.54925 0.546875
-3.54688 0.550503

-3.54688 0.550619
-3.53892 0.5625

-3.5389 0.5625
-3.53125 0.573474

-3.53125 0.573481
-3.52805 0.578125

-3.52802 0.578125
-3.51668 0.59375

-3.51654 0.59375
-3.51562 0.594984

-3.51562 0.595175
-3.50489 0.609375

-3.50477 0.609375
-3.5 0.6156

-3.5 0.61562
-3.49263 0.625

-3.49255 0.625
-3.48438 0.635048

-3.48438 0.635048
-3.47981 0.640625

-3.47978 0.640625
-3.46875 0.653539

-3.46875 0.653553
-3.46642 0.65625

-3.46644 0.65625
-3.45312 0.671187

-3.45312 0.671195
-3.45251 0.671875

-3.45252 0.671875
-3.43799 0.6875

-3.43789 0.6875
-3.4375 0.687906

-3.4375 0.688016
-3.42283 0.703125

-3.42276 0.703125
-3.42188 0.704014

-3.42188 0.704087
-3.40698 0.71875

-3.40694 0.71875
-3.40625 0.719415

-3.40625 0.719456
-3.39062 0.734187

-3.39062 0.734184
-3.39042 0.734375

-3.39041 0.734375
-3.375 0.748295

-3.375 0.748292
-3.37306 0.75

-3.37302 0.75
-3.35938 0.761818

-3.35938 0.761827
-3.35482 0.765625

-3.3548 0.765625
-3.34375 0.774769

-3.34375 0.774829
-3.33562 0.78125

-3.33572 0.78125
-3.32812 0.787172

-3.32812 0.787237
-3.31553 0.796875

-3.31561 0.796875
-3.3125 0.799198

-3.3125 0.799198
-3.29688 0.810682

-3.29688 0.810695
-3.29429 0.8125

-3.29429 0.8125
-3.28125 0.821704

-3.28125 0.82169
-3.27176 0.828125

-3.27182 0.828125
-3.26562 0.832294

-3.26562 0.832289
-3.25 0.842459

-3.25 0.842466
-3.24792 0.84375

-3.24793 0.84375
-3.23438 0.852219

-3.23438 0.852203
-3.22241 0.859375

-3.2225 0.859375
-3.21875 0.861615

-3.21875 0.861579
-3.20312 0.870567

-3.20312 0.870555
-3.19507 0.875

-3.1951 0.875
-3.1875 0.879194

-3.1875 0.879182
-3.17188 0.887445

-3.17188 0.887436
-3.16558 0.890625

-3.1656 0.890625
-3.15625 0.895361

-3.15625 0.895355
-3.14062 0.902931

-3.14062 0.902925
-3.13345 0.90625

-3.13347 0.90625
-3.125 0.910178

-3.125 0.910172
-3.10938 0.917095

-3.10938 0.91709
-3.09806 0.921875

-3.09809 0.921875
-3.09375 0.923711

-3.09375 0.9237
-3.07812 0.93

-3.07812 0.929998
-3.0625 0.935995

-3.0625 0.935991
-3.05836 0.9375

-3.05837 0.9375
-3.04688 0.941696

-3.04688 0.941693
-3.03125 0.947103

-3.03125 0.947101
-3.01562 0.952225

-3.01562 0.952223
-3.01271 0.953125

-3.01272 0.953125
-3 0.957066

-3 0.957065
-2.98438 0.961629

-2.98438 0.961628
-2.96875 0.965919

-2.96875 0.965918
-2.95774 0.96875

-2.95774 0.96875
-2.95312 0.969937

-2.95312 0.969937
-2.9375 0.973691

-2.9375 0.97369
-2.92188 0.97718

-2.92188 0.977179
-2.90625 0.980408

-2.90625 0.980408
-2.89062 0.983379

-2.89062 0.983387
-2.88494 0.984375

-2.88486 0.984375
-2.875 0.986089

-2.875 0.986093
-2.85938 0.988554

-2.85938 0.988553
-2.84375 0.990762

-2.84375 0.990762
-2.82812 0.99272

-2.82812 0.99272
-2.8125 0.994429

-2.8125 0.994429
-2.79688 0.995891

-2.79688 0.995891
-2.78125 0.997106

-2.78125 0.997106
-2.76562 0.998076

-2.76562 0.998076
-2.75 0.998802

-2.75 0.998802
-2.73438 0.999283

-2.73438 0.999283
-2.71875 0.99952

-2.71875 0.99952
-2.70312 0.999514

-2.70312 0.999514
-2.6875 0.999264

-2.6875 0.999264
-2.67188 0.998771

-2.67188 0.998771
-2.65625 0.998033

-2.65625 0.998033
-2.64062 0.99705

-2.64062 0.99705
-2.625 0.995822

-2.625 0.995822
-2.60938 0.994347

-2.60938 0.994348
-2.59375 0.992626

-2.59375 0.992626
-2.57812 0.990655

-2.57812 0.990655
-2.5625 0.988434

-2.5625 0.988434
-2.54688 0.98596

-2.53125 0.983213
-2.53791 0.984375

-2.54688 0.985975
-2.53771 0.984375

-2.53125 0.983234
-2.51562 0.98025

-2.51562 0.98025
-2.5 0.977008

-2.5 0.977008
-2.48438 0.973504

-2.48438 0.973505
-2.46875 0.969738

-2.45312 0.9657
-2.46493 0.96875

-2.45312 0.965704
-2.4375 0.961399

-2.46875 0.969748
-2.46489 0.96875

-2.4375 0.9614
-2.42188 0.95682

-2.40625 0.951925
-2.41011 0.953125

-2.42188 0.956834
-2.40995 0.953125

-2.40625 0.951964
-2.39062 0.946825

-2.39062 0.946826
-2.375 0.941399

-2.35938 0.935648
-2.36444 0.9375

-2.35938 0.935684
-2.34375 0.929668

-2.34375 0.92967
-2.32812 0.923351

-2.3125 0.916723
-2.32465 0.921875

-2.32812 0.923361
-2.32462 0.921875

-2.375 0.941417
-2.3643 0.9375

-2.28125 0.902502
-2.28931 0.90625

-2.3125 0.916727
-2.29688 0.909783

-2.29688 0.909802
-2.28924 0.90625

-2.28125 0.90252
-2.26562 0.894922

-2.25 0.886966
-2.2572 0.890625

-2.26562 0.894941
-2.25713 0.890625

-2.04688 0.747245
-2.05001 0.75

-2.03125 0.733089
-2.03264 0.734375

-2.04688 0.747372
-2.03254 0.734375

-2.01562 0.718308
-2.01608 0.71875

-2 0.70291
-2.00021 0.703125

-2.01562 0.718413
-2.00016 0.703125

-2.03125 0.733202
-2.01598 0.71875

-2.21875 0.870044
-2.22771 0.875

-2.21875 0.870062
-2.20312 0.861046

-2.1875 0.851649
-2.20034 0.859375

-2.20312 0.861049
-2.20031 0.859375

-2.125 0.809913
-2.1287 0.8125

-2.17188 0.8418
-2.17501 0.84375

-2.17188 0.841865
-2.15625 0.831663

-2.1875 0.851671
-2.17486 0.84375

-2.14062 0.821032
-2.15105 0.828125

-2.15625 0.831661
-2.15097 0.828125

-2.14062 0.82107
-2.12852 0.8125

-2.25 0.886989
-2.23438 0.878702

-2.23438 0.878725
-2.22764 0.875

-2.125 0.809984
-2.10938 0.798459

-2.09375 0.78646
-2.10731 0.796875

-2.10938 0.798453
-2.10727 0.796875

-2.07812 0.773954
-2.08728 0.78125

-2.0625 0.760873
-2.0682 0.765625

-2.07812 0.773959
-2.06803 0.765625

-2.09375 0.786432
-2.08711 0.78125

-2.0625 0.760956
-2.04987 0.75

-1.75 0.277068
-1.75119 0.28125

-1.75119 0.28125
-1.75592 0.296875

-1.75592 0.296875
-1.76093 0.3125

-1.78125 0.368434
-1.78385 0.375

-1.76562 0.326373
-1.76622 0.328125

-1.76622 0.328125
-1.7718 0.34375

-1.76562 0.326377
-1.76092 0.3125

-1.77179 0.34375
-1.77767 0.359375

-1.78125 0.368436
-1.77767 0.359375

-1.84375 0.497908
-1.84493 0.5

-1.8125 0.439131
-1.81947 0.453125

-1.81947 0.453125
-1.8276 0.46875

-1.82812 0.469722
-1.83608 0.484375

-1.84375 0.497915
-1.83608 0.484375

-1.82812 0.469726
-1.8276 0.46875

-1.79688 0.405663
-1.79713 0.40625

-1.78384 0.375
-1.79033 0.390625

-1.79688 0.405677
-1.79033 0.390625

-1.79712 0.40625
-1.80424 0.421875

-1.80424 0.421875
-1.81169 0.4375

-1.8125 0.439132
-1.81169 0.4375

-1.71075 0
-1.71087 0.015625

-1.71087 0.015625
-1.71124 0.03125

-1.71124 0.03125
-1.71186 0.046875

-1.71186 0.046875
-1.71272 0.0625

-1.71271 0.0625
-1.71382 0.078125

-1.71382 0.078125
-1.71517 0.09375

-1.71517 0.09375
-1.71676 0.109375

-1.71677 0.109375
-1.71861 0.125

-1.71875 0.126043
-1.72071 0.140625

-1.7207 0.140625
-1.72305 0.15625

-1.72306 0.15625
-1.72566 0.171875

-1.72566 0.171875
-1.72852 0.1875

-1.71875 0.126273
-1.71858 0.125

-1.73438 0.215799
-1.73501 0.21875

-1.72852 0.1875
-1.73163 0.203125

-1.73438 0.215806
-1.73163 0.203125

-1.73501 0.21875
-1.73865 0.234375

-1.73865 0.234375
-1.74256 0.25

-1.74256 0.25
-1.74674 0.265625

-1.75 0.27707
-1.74674 0.265625

-1.875 0.548697
-1.88422 0.5625

-1.90625 0.593554
-1.90639 0.59375

-1.92188 0.61406
-1.93048 0.625

-1.9064 0.59375
-1.9182 0.609375

-1.92188 0.614124
-1.91823 0.609375

-1.89062 0.571696
-1.89508 0.578125

-1.90625 0.593533
-1.89508 0.578125

-1.89062 0.571712
-1.88422 0.5625

-1.98438 0.686781
-1.98506 0.6875

-1.96875 0.669909
-1.97053 0.671875

-1.98438 0.686814
-1.9705 0.671875

-1.95312 0.652201
-1.95661 0.65625

-1.9375 0.633564
-1.94324 0.640625

-1.95312 0.652199
-1.94328 0.640625

-1.96875 0.669907
-1.9566 0.65625

-2 0.702964
-1.98501 0.6875

-1.9375 0.633653
-1.93054 0.625

-1.85938 0.524101
-1.86378 0.53125

-1.84493 0.5
-1.85416 0.515625

-1.85938 0.524114
-1.85415 0.515625

-1.86377 0.53125
-1.87379 0.546875

-1.875 0.548731
-1.8738 0.546875

